   6.9484456e-01
   1.9324138e+00
   3.2316278e+00
   2.0820652e+00
   6.7359798e-01
   3.4361427e+00
   2.4174608e+00
   1.1415494e+00
   3.3325250e+00
   3.6633961e+00
   3.0436199e+00
   3.9697678e+00
   3.3186818e+00
   1.4482170e+00
   5.5257052e-01
   3.1376874e+00
   1.7501430e+00
   2.1311767e+00
   4.7691378e-01
   3.4156256e+00
   5.3328415e-01
   4.0462152e+00
   1.0781465e+00
   2.5628841e+00
   3.8843948e-01
   1.7981049e-01
   6.4520837e-02
   1.8874070e+00
   5.3489827e-01
   2.9658567e+00
   2.0592542e-01
   4.1038838e+00
   2.4249873e+00
   3.9098366e+00
   3.4392062e+00
   7.8569757e-01
   2.8239811e-01
   2.2354353e+00
   3.0570954e+00
   4.0645242e+00
   1.6705724e+00
   1.9367737e+00
   2.4356203e-01
   5.0465624e-01
   2.8792436e+00
   1.4269142e+00
   1.6383384e+00
   5.9064471e-01
   1.8286643e-01
   1.5524505e-01
   2.4292818e+00
   3.8217910e-01
   5.3722989e-01
   3.0146466e+00
   3.2843306e+00
   1.3849468e+00
   3.4264360e+00
   2.1271714e+00
   9.3884741e-01
   2.6858295e+00
   1.2803305e-01
   2.5303553e+00
   1.3476294e+00
   2.5369733e-01
   1.6691380e+00
   3.4070341e+00
   1.1398287e+00
   3.1578155e+00
   3.0927951e+00
   2.5185984e+00
   9.7768328e-01
   2.5343227e+00
   6.9038023e-01
   2.5871571e+00
   2.4409749e+00
   2.0827304e+00
   2.8270449e+00
   2.5499649e+00
   7.6789035e-01
   1.5065134e+00
   2.0749782e+00
   8.6553348e-01
   9.3886726e-01
   1.1268856e+00
   2.1621842e+00
   2.3825051e+00
   1.7544823e-01
   1.4759343e-01
   1.9419184e+00
   1.0322695e+00
   3.6105441e+00
   3.8215148e+00
   1.2236214e+00
   3.5990226e-01
   2.5633489e+00
   3.2128000e+00
   1.0269652e+00
   1.5252056e+00
   4.5306795e+00
   2.1422991e+00
   3.0171197e+00
   4.9613342e-01
   2.2629367e+00
   1.2350577e+00
   2.9972394e+00
   8.4705366e-01
   2.4920876e+00
   5.4347452e-01
   3.1986179e-01
   1.0350933e-01
   1.6149191e+00
   3.5434000e+00
   2.6597200e+00
   2.0812747e+00
   3.0744193e+00
   8.1092159e-01
   1.1853101e+00
   7.4414337e+00
   3.5905576e+00
   1.6520523e+00
   3.3696248e+00
   3.5218212e+00
   4.8587639e+00
   3.2298404e-01
   7.2127532e-01
   1.3331456e+00
   3.5383840e+00
   1.8523914e+00
   2.5071179e+00
   5.5055021e-01
   1.7049900e+00
   2.0268452e+00
   2.9066513e+00
   2.4880643e+00
   3.1154141e+00
   3.1737509e+00
   1.3414698e+00
   9.6888985e-01
   1.1261796e+00
   3.1189580e+00
   1.1264826e+00
   7.3347226e-01
   2.0782492e+00
   1.3115416e+00
   1.8429954e+00
   3.6095677e+00
   2.6050312e+00
   3.2556022e+00
   2.8953757e+00
   2.6048506e+00
   1.7711087e+00
   3.8691519e+00
   1.8749540e+00
   2.8761047e+00
   1.4215645e+00
   1.4294022e+00
   2.1395317e+00
   1.8265901e+00
   1.9936814e+00
   3.3375935e+00
   3.6940771e-01
   1.8989274e+00
   2.5962293e+00
   1.8332293e+00
   3.4443000e+00
   3.1995992e+00
   2.7914249e+00
   3.2772821e+00
   9.9299389e-01
   3.7606986e+00
   2.6306105e+00
   2.0680447e+00
   7.6177344e-01
   4.4287469e+00
   3.9484250e+00
   2.9782508e+00
   5.7370866e-01
   2.1849696e-02
   5.8199691e-01
   1.6131106e+00
   1.1408933e+00
   2.3329005e+00
   7.6574039e-02
   2.8679747e+00
   3.3597747e-01
   2.8975418e+00
   1.9972035e+00
   7.1289301e-01
   3.6919143e-01
   3.5656687e+00
   2.4440283e+00
   3.2989586e-01
   1.4413521e+00
   1.6841354e+00
   1.6326845e+00
   2.2857324e+00
   1.3350308e+00
   1.3238322e+00
   7.2462345e-01
   5.0122137e-01
   6.0264259e-01
   1.9504091e+00
   6.6307334e-01
   1.2133551e+00
   2.0792914e+00
   2.7015251e+00
   1.4365777e+00
   1.1246485e+00
   7.3105379e-01
   9.2919950e-01
   2.7684054e+00
   2.3097015e+00
   1.5178622e+00
   2.6521171e+00
   1.0199740e+00
   2.8367961e+00
   2.6751406e+00
   2.9685514e+00
   2.6663373e+00
   1.6848864e+00
   2.2634644e+00
   2.2998097e+00
   1.7106434e+00
   2.8904210e+00
   1.9152131e+00
   4.6118238e+00
   1.6699816e+00
   3.3381750e+00
   2.5158915e+00
   1.8108945e+00
   8.8625941e-01
   2.4957650e+00
   8.4225870e-01
   1.6991615e-01
   2.6963247e+00
   3.2949723e+00
   2.3312259e+00
   2.2276016e+00
   1.7389070e+00
   1.3382448e+00
   3.5296205e+00
   2.4944551e+00
   5.5958165e-01
   4.1455987e+00
   2.4307921e+00
   3.2178238e-02
   1.4325299e+00
   9.7522851e-01
   2.6181207e+00
   1.5755100e+00
   3.5768282e+00
   1.1419398e+00
   1.2722256e+00
   2.6465616e+00
   1.4311269e+00
   7.2190958e-01
   3.8585049e-01
   1.8721748e+00
   2.0020462e+00
   5.5060282e+00
   4.0178118e+00
   1.5766574e+00
   2.0802374e+00
   5.1385479e-01
   3.4273973e+00
   2.4974147e+00
   2.1504902e+00
   3.8201537e-01
   3.1707183e+00
   9.8711673e-02
   3.3688481e+00
   5.4544370e-01
   1.4054333e+00
   3.5889253e-01
   1.4297240e-01
   1.8935269e+00
   1.6694560e+00
   2.1560300e+00
   2.5594404e-01
   2.8205958e+00
   4.1241933e+00
   7.1788729e-02
   1.3768180e+00
   1.4745857e+00
   1.9122319e+00
   8.0289759e-01
   7.5863944e-01
   1.2085073e+00
   6.0281030e-01
   9.8489995e-01
   2.9007604e+00
   2.6049525e+00
   1.5979340e+00
   4.1546531e+00
   1.4262480e+00
   2.9842731e+00
   4.5235537e+00
   1.5952347e-01
   1.3746142e+00
   1.5170711e+00
   3.7623220e+00
   3.6744018e-01
   3.9559040e+00
   3.6495647e+00
   1.2696522e+00
   3.4422254e+00
   7.3000868e-01
   7.2379115e-01
   8.9954107e-02
   3.0893768e+00
   5.0944564e-01
   1.2849268e+00
   4.1154254e+00
   5.7445994e-01
   5.5304832e-01
   1.5994953e+00
   1.7004064e+00
   8.0551616e-01
   3.5462798e+00
   3.1919983e+00
   2.9535019e+00
   1.8933767e+00
   8.7162694e-01
   5.8217443e-01
   3.7537426e+00
   1.8548257e+00
   1.2434101e+00
   1.7732882e+00
   5.2640035e-01
   6.9922088e-01
   2.3533830e+00
   1.7038775e+00
   4.4265382e+00
   5.0229307e+00
   2.9885823e+00
   3.3727364e+00
   1.9790646e+00
   2.8189597e+00
   1.4272875e+00
   2.1313071e+00
   3.1071371e+00
   2.2307298e+00
   3.8353630e+00
   2.4215882e-02
   2.4624169e+00
   1.7451260e+00
   1.1364504e+00
   2.8122941e+00
   1.7688849e+00
   4.9174679e+00
   2.3087204e+00
   2.3992630e-01
   4.6743614e-01
   1.1813102e+00
   2.6028629e-01
   4.6624772e-01
   2.9271105e+00
   3.2249756e+00
   9.8848804e+00
   2.9662260e+00
   4.0920870e+00
   1.0671452e+00
   1.5253598e+00
   4.4955444e-01
   2.8600054e+00
   1.9952074e+00
   1.5665777e+00
   4.7799693e+00
   3.0506851e+00
   1.1579654e+00
   5.9996188e-01
   1.9612130e+00
   2.8573669e+00
   1.7197956e+00
   1.4644453e+00
   3.2735376e+00
   9.1578542e-01
   2.6737958e+00
   1.9226182e+00
   9.5119690e-01
   2.5464278e+00
   2.3606862e+00
   7.6192533e-01
   2.4809217e+00
   7.9548164e-01
   4.8785465e+00
   3.2786062e-02
   2.1109973e+00
   9.4533985e-01
   3.3616981e+00
   1.9422309e+00
   1.4917211e+00
   7.2599576e-01
   2.5029565e+00
   8.8922835e-01
   4.2666723e+00
   1.7338001e+00
   2.2559016e+00
   3.0211433e+00
   2.9236075e+00
   1.7448922e+00
   3.4611819e+00
   8.6624308e-01
   1.5178579e+00
   2.7485655e-01
   2.4818177e-01
   6.3718458e-01
   4.0769723e+00
   3.6736434e+00
   2.2237706e+00
   1.2232840e+00
   5.4122918e-01
   1.8160104e+00
   7.4906658e-01
   1.1931737e-01
   3.8592805e+00
   1.2209085e+00
   2.1979357e+00
   3.3769338e+00
   7.9673648e-01
   3.5671315e-01
   1.7422424e+00
   3.4874747e+00
   2.4751752e+00
   3.0668515e+00
   2.4055009e+00
   1.6642644e+00
   1.2420659e+00
   1.5822815e+00
   1.4282259e+00
   1.2876360e+00
   2.8395824e+00
   6.4205729e-01
   3.3401918e+00
   2.6011072e+00
   4.0527588e-01
   2.3672038e+00
   4.3285494e-01
   2.8030151e-01
   3.6811794e+00
   2.5318432e+00
   2.6846724e+00
   4.5803236e-01
   1.0209660e+00
   2.1082863e+00
   3.7175846e-01
   4.1034798e-01
   4.7371880e+00
   8.4600439e-01
   1.9126618e+00
   2.1365774e+00
   5.2505171e+00
   1.5583683e+00
   1.7380551e+00
   1.5656709e+00
   2.8247473e-01
   2.2103850e+00
   4.0915612e-01
   1.5157824e+00
   4.0454862e+00
   2.9396350e+00
   9.4882218e-02
   1.5055667e+00
   3.0723853e+00
   2.1237474e+00
   8.1683362e-01
   2.8529529e+00
   2.8530058e-02
   2.5904962e+00
   2.1671373e+00
   2.4626952e+00
   2.4342264e-01
   2.8695575e+00
   2.3746302e+00
   3.4852126e+00
   9.8764174e-01
   3.5836412e-01
   1.1430346e+00
   1.7316048e+00
   6.0189429e-01
   5.8277241e-01
   3.8661884e-01
   6.5342779e-01
   2.8884048e+00
   2.7622013e+00
   1.8344652e-01
   2.6233688e+00
   3.2816580e+00
   8.1731228e-01
   1.6168304e+00
   1.5760966e+00
   4.9491915e-01
   2.8353814e-01
   2.0816466e+00
   4.9451547e-01
   1.7762747e+00
   9.9185627e-01
   8.8871653e-01
   2.5237945e+00
   7.8257684e-01
   9.5517877e-01
   1.1730705e+00
   1.3505489e+00
   2.4833460e+00
   2.2308870e+00
   3.2828759e+00
   2.7254979e+00
   5.9522805e-01
   1.4767996e+00
   6.3251491e-01
   1.1526882e+00
   5.8462162e-01
   1.1569510e+00
   1.0001594e-01
   1.2654164e+00
   6.6101327e+00
   2.7119879e+00
   3.3757238e+00
   3.3481096e+00
   3.7229809e+00
   1.8301285e+00
   1.6251762e+00
   2.0095346e+00
   2.2689907e-01
   6.9966876e-01
   2.9791490e-01
   2.5327564e+00
   4.1005847e+00
   2.8514337e+00
   3.1562661e+00
   2.7271930e-01
   3.4643121e+00
   1.2508133e+00
   1.2259132e+00
   1.2307982e+00
   1.4507473e+00
   1.8817133e+00
   4.3525236e-01
   5.0119627e-02
   1.2776451e+00
   2.0932396e+00
   3.0885892e+00
   9.3437498e-01
   2.4960867e+00
   3.9306606e+00
   1.5721940e-01
   2.5908139e+00
   1.6533527e+00
   3.2924534e-01
   2.0399817e+00
   1.2738173e-02
   1.8759174e+00
   3.5802026e-01
   2.1971448e-01
   1.6538092e+00
   4.3281433e+00
   2.1713768e+00
   1.7382399e+00
   2.4568805e+00
   2.8246083e+00
   7.6732027e-01
   1.7119831e+00
   1.6180812e+00
   1.8922414e+00
   2.7365629e-01
   1.8662598e+00
   6.3252533e-01
   1.5837180e-01
   1.9560205e+00
   2.7256079e+00
   4.6039181e-01
   3.0252105e+00
   2.1866792e+00
   4.3631216e-01
   1.6710398e+00
   8.9524405e-01
   2.7146704e-01
   2.9880984e+00
   1.2419302e+00
   5.7985480e+00
   1.3057087e+00
   1.5627419e+00
   9.2386030e-01
   3.0603906e+00
   2.8097291e+00
   1.8190975e+00
   1.0785282e-01
   8.0841512e-01
   4.5633375e-01
   2.2287867e+00
   1.2070740e+00
   3.4943027e+00
   3.3340969e+00
   3.1723485e+00
   3.8897491e-01
   1.4005357e+00
   2.8638993e+00
   1.4013719e+00
   3.1029157e+00
   3.8105312e+00
   1.0976227e+00
   1.0705012e+00
   2.4496043e+00
   2.7001439e-01
   9.5225281e-01
   7.0171421e-01
   1.4821018e+00
   5.6436883e+00
   5.4382342e+00
   1.2883870e+00
   7.8764454e-01
   5.8117670e+00
   1.2393587e+00
   1.4765094e+00
   5.6276905e-01
   2.6654360e+00
   1.3862680e+00
   1.8409696e+00
   9.9591804e-01
   1.0303437e+00
   3.0151156e-02
   9.3494515e-01
   2.5713255e+00
   4.6694989e-01
   3.5461731e+00
   7.1091546e-01
   5.0113849e-01
   3.6463254e-02
   1.6666431e+00
   4.8432793e+00
   2.7293817e-01
   9.5950934e-01
   2.4174230e+00
   9.6681439e-01
   4.3885081e+00
   3.2718862e+00
   1.2516506e+00
   1.4534437e+00
   1.0264908e+00
   2.7597591e+00
   1.1135936e+00
   6.8808780e-01
   4.1014378e+00
   7.7546503e-01
   2.0252689e+00
   3.8705424e+00
   1.4278595e+00
   2.8488487e+00
   3.2571520e+00
   2.7801355e+00
   3.1095088e+00
   2.8673422e+00
   3.9531034e+00
   6.5690206e-01
   2.4013962e+00
   1.1840134e+00
   2.8014992e-01
   1.3812624e+00
   1.1982508e+00
   1.6402404e+00
   3.2515676e+00
   1.4240305e+00
   1.1260693e+00
   1.4072674e+00
   2.4567656e+00
   2.7646633e+00
   1.0472756e+00
   6.2659572e-01
   1.7722186e+00
   2.7776201e+00
   2.9786365e+00
   3.5578085e+00
   3.3763595e+00
   3.1367379e+00
   2.9926110e+00
   7.3977831e-01
   1.0009955e+00
   3.8419562e+00
   2.4899439e+00
   4.4511201e-02
   2.4091277e-02
   3.7247957e+00
   1.2215859e+00
   2.5738956e+00
   5.0592910e+00
   1.2019432e+00
   4.1649359e-01
   1.3109065e+00
   2.9300442e+00
   1.8579246e+00
   3.1871915e+00
   4.1186537e+00
   2.7055609e+00
   2.3094206e+00
   2.3366133e+00
   2.1617246e+00
   1.5363182e+00
   5.7926127e-01
   4.2148563e+00
   9.9511494e-01
   1.0784938e+00
   1.1399273e+00
   2.0924689e+00
   1.6362594e+00
   3.8183973e+00
   2.9327870e+00
   4.8954021e-01
   2.1715110e+00
   1.7986760e+00
   3.2899954e+00
   5.5692122e+00
   1.1769409e+00
   1.9989109e-01
   1.0892846e+01
   2.3729646e+00
   1.7838959e+00
   1.5469636e+00
   2.3063540e-01
   7.3058317e-01
   3.4162205e+00
   2.9271963e+00
   2.0381018e+00
   3.7922703e+00
   1.2684711e+00
   2.1482070e+00
   2.9407775e+00
   2.7621403e+00
   1.9203436e+00
   4.0996889e-01
   1.5296215e+00
   2.0566970e+00
   3.3885654e+00
   8.3190864e-02
   1.2190452e-02
   1.0636742e+00
   2.8938132e+00
   8.7349736e-01
   2.3158621e+00
   3.1859818e+00
   2.7432069e+00
   1.7370327e+00
   3.6494984e+00
   2.5922922e+00
   3.8236297e+00
   1.6565573e+00
   4.4880280e+00
   1.7759262e+00
   2.8267103e+00
   3.4677589e+00
   2.2809612e+00
   1.5887729e+00
   3.4055876e+00
   7.1411699e+00
   2.1656410e+00
   2.3280626e+00
   3.7381004e+00
   2.3238346e+00
   3.9076860e+00
   1.3502372e+00
   2.0980886e-01
   6.8115153e-01
   3.4947659e+00
   3.5678679e+00
   3.4311806e-01
   1.9199891e+00
   1.2085565e+00
   3.3519242e+00
   8.1083426e-01
   2.1377775e+00
   2.3439821e+00
   8.9157037e-02
   4.5839395e+00
   3.8830285e+00
   4.5750648e-01
   8.3877503e-01
   1.2473026e+00
   3.6776802e-02
   1.9755995e-01
   3.7930730e-01
   2.3723594e+00
   2.9778696e-01
   1.0908299e+00
   1.8675146e+00
   3.7425912e+00
   3.6873578e-01
   2.1401602e+00
   8.1415660e-01
   5.0089800e-02
   3.3827885e+00
   3.2257899e+00
   1.1278339e+00
   1.4489256e+00
   1.6620882e+00
   5.4001901e-01
   2.2945850e-03
   3.8502366e+00
   3.6366619e+00
   3.5055227e+00
   5.3424926e-01
   2.8206052e+00
   3.5606102e-01
   3.1989018e+00
   8.7890894e-02
   3.3435170e+00
   3.2944641e+00
   6.2417626e-01
   2.1808734e+00
   5.4510918e-01
   1.1119538e-01
   9.5011944e-01
   4.0749741e-02
   2.6303756e+00
   2.3314789e-03
   3.9701048e+00
   1.3087666e+00
   3.5238246e+00
   2.0066674e+00
   1.9939031e+00
   3.4746180e-01
   8.6946232e-01
   4.5087226e-01
   2.0010468e+00
   2.7773466e+00
   3.5203545e+00
   2.9751952e-01
   2.7791928e+00
   1.9057184e+00
   1.1162515e+00
   2.6598395e+00
   6.1688006e-01
   1.4525535e+00
   3.0775795e+00
   3.8420646e-01
   3.4133863e+00
   2.3435415e+00
   2.6176753e+00
   1.2232437e+00
   3.4822157e+00
   1.8267132e+00
   3.3825512e+00
   3.3300879e+00
   4.0637487e-01
   2.3553401e+00
   8.3840993e-01
   3.6405803e+00
   1.6999680e+00
   2.8291165e-01
   1.8271676e-01
   1.6992302e+00
   5.3477454e-01
   3.3477059e+00
   2.5566735e+00
   2.8760555e+00
   2.4765871e+00
   5.2933234e-01
   1.4374112e+00
   2.7234213e-01
   1.8698970e+00
   2.4440667e+00
   4.0247754e+00
   4.2338112e-01
   1.7136550e+00
   1.6092494e+00
   8.0295103e-01
   3.7645045e+00
   2.2414491e+00
   3.0423520e-01
   2.7159512e-01
   3.2423979e+00
   3.2112282e+00
   3.4756017e+00
   4.6846259e+00
   1.7438473e+00
   5.3431315e-01
   8.6456351e-02
   1.2215390e+00
   3.3542906e+00
   6.7707381e-01
   3.2347898e+00
   3.1848442e+00
   3.4282766e+00
   3.1368230e+00
   2.9824347e+00
   2.8288867e+00
   2.2336603e+00
   2.2385653e+00
   2.7176863e+00
   2.5501708e+00
   1.7027838e+00
   2.2537972e-01
   1.0956853e+00
   2.8925066e+00
   2.7461556e+00
   3.5976510e+00
   2.0908067e+00
   2.0129267e-01
   1.0849914e+00
   2.2525814e+00
   2.9940747e+00
   7.3092605e-01
   5.4993144e+00
   2.9701069e+00
   2.5172166e+00
   1.8662237e+00
   3.6268267e+00
   3.5357164e-01
   1.8403025e+00
   4.8956253e+00
   1.8412508e+00
   7.4142513e-01
   3.0626440e+00
   1.9377599e+00
   3.0231695e+00
   1.8282329e-01
   1.3670285e+00
   2.0790617e+00
   3.4413226e-01
   2.3431528e+00
   1.2244721e+00
   8.8321512e-01
   8.7195723e-01
   2.1507014e+00
   2.3192138e+00
   1.6052074e+00
   1.7460133e+00
   2.0382340e+00
   1.0822222e+00
   6.0001150e-02
   1.7381217e+00
   1.7146323e+00
   3.2454013e+00
   4.2295692e+00
   2.3618954e+00
   2.2334698e+00
   5.4585491e-01
   3.3093337e+00
   2.6097983e+00
   1.5800861e+00
   2.6022412e+00
   2.3014671e-01
   1.9268212e-01
   4.5452561e-02
   6.8807915e-02
   3.3748503e+00
   3.7011860e-01
   1.5544996e+00
   2.7454714e+00
   3.4288376e+00
   7.8693768e-01
   2.9444490e+00
   3.0091391e+00
   4.6964515e-01
   1.7276041e+00
   1.2950843e+00
   2.2895398e-01
   3.0672434e+00
   3.1741954e+00
   1.1723303e+00
   3.8197685e-01
   4.0341534e+00
   6.3935922e-01
   1.0717156e-01
   3.2763696e+00
   1.2526191e+00
   2.1947345e+00
   1.1437743e+00
   1.8565740e+00
   1.7812372e+00
   2.9127426e+00
   2.5289330e+00
   4.3073658e+00
   2.3066580e+00
   5.4579523e-01
   2.5264748e+00
   3.0094694e+00
   2.2478340e+00
   4.9960562e-01
   9.8129562e-01
   1.6644975e+00
   2.5180851e+00
   1.3341417e-01
   2.6612690e+00
   3.7172181e+00
   2.5867667e-01
   4.3670724e-01
   1.4172858e-01
   6.1616180e-01
   1.7628033e+00
   1.8941903e+00
   7.0931709e-01
   2.2339026e+00
   6.9297255e-01
   4.4822941e-01
   1.1168865e+00
   1.3492094e+00
   6.5416760e-01
   3.0808104e+00
   1.6459906e+00
   3.7582863e+00
   1.3062909e+00
   6.8045664e-01
   2.0591886e+00
   7.8748476e+00
   2.6840056e+00
   5.5342499e-01
   8.3027167e-01
   1.9104674e+00
   3.1358426e+00
   4.2165652e+00
   1.7531729e+00
   2.8943250e+00
   6.5694720e-02
   1.9885246e+00
   9.8752974e-01
   3.1295761e-03
   1.0152820e+00
   2.9341874e+00
   3.3275105e+00
   2.4807231e+00
   2.3277639e+00
   2.6860403e+00
   1.9737311e+00
   3.5136860e+00
   6.2775847e-01
   2.9134073e+00
   3.9233604e+00
   8.4636830e-02
   2.0945125e+00
   5.0317348e-01
   1.9260898e+00
   7.0286618e-01
   4.2840941e+00
   2.0252980e+00
   5.5522455e-01
   8.5532565e-02
   6.7850331e-01
   1.9286905e+00
   7.6085031e-01
   9.9146373e-01
   1.2273914e+00
   2.4338542e+00
   2.5620086e+00
   1.6097252e+00
   2.6660924e+00
   5.9268807e-01
   5.2576115e+00
   4.1330094e+00
   1.1989467e+00
   3.5170654e+00
   5.6990610e-01
   5.6800371e+00
   3.6909599e+00
   2.7129752e+00
   4.3599141e+00
   3.5525627e-01
   4.0021196e-01
   1.2067013e+00
   1.5796740e+00
   1.8078676e+00
   7.1104391e-01
   3.1625103e+00
   2.7164658e+00
   2.9050392e+00
   3.9636930e+00
   3.3675689e+00
   7.6561779e-01
   2.7205942e+00
   2.0620459e+00
   1.8020165e+00
   5.0539295e+00
   2.9013725e+00
   4.0191799e-01
   5.5522198e+00
   2.5451343e-01
   2.1442628e+00
   4.9219695e-01
   2.5839938e+00
   2.3367388e+00
   3.7909591e-01
   1.2385183e+00
   1.7975300e+00
   8.4340005e-01
   1.2212993e-01
   9.4824079e-01
   1.1161791e+00
   9.4803826e-01
   1.3186360e+00
   3.5534959e+00
   1.1063745e-01
   7.4508877e+00
   2.0616826e+00
   4.0092934e+00
   2.0990898e+00
   1.5984424e+00
   1.5952404e+00
   1.7889956e+00
   2.7168219e+00
   3.2402936e+00
   2.2737079e+00
   6.3288030e-02
   3.9253072e-01
   2.8938444e-01
   4.6035624e+00
   1.0069822e+00
   2.2757707e+00
   2.8919970e-01
   3.9530094e+00
   1.9523658e+00
   2.1770312e-01
   3.8228442e-02
   2.6834702e+00
   2.4627282e+00
   4.2506410e-01
   1.4862997e+00
   7.2389452e-01
   2.6222999e+00
   2.9326971e+00
   8.5248868e-01
   2.5526743e-01
   2.5758583e+00
   3.3608494e+00
   2.9045655e+00
   3.4245519e+00
   1.4269171e+00
   2.8449127e+00
   1.7533585e+00
   3.4245937e+00
   3.9342124e+00
   1.0875686e+00
   3.0229857e-01
   2.2595445e+00
   2.9224132e+00
   2.1337998e+00
   2.7559163e+00
   1.3268981e+00
   1.9433022e+00
   6.9368507e-01
   3.4065791e+00
   1.8937612e+00
   3.8143507e+00
   1.3706315e+00
   1.7035493e+00
   8.2249550e+00
   6.6329532e-01
   1.4468794e+00
   1.7285985e+00
   3.1645177e+00
   1.8976956e+00
   2.3940169e+00
   2.1686320e+00
   1.5332183e-01
   7.5480418e-01
   2.1137257e+00
   2.6179243e+00
   3.2460474e+00
   3.0292444e-02
   5.8965369e-01
   8.9134359e-01
   1.8593493e+00
   1.1662844e-01
   9.1459543e-01
   2.2104382e+00
   1.1137477e+00
   4.5600852e+00
   1.1290303e+00
   2.1733943e+00
   7.4831126e-01
   2.0334720e+00
   1.6987944e-01
   1.7867913e+00
   1.4143520e+00
   2.8297186e-01
   4.1001441e+00
   2.1857979e+00
   9.4399769e-01
   3.3434863e-02
   3.2012366e+00
   4.1024943e+00
   2.0508878e+00
   4.9050188e-01
   2.4031363e+00
   2.6526453e+00
   1.7052791e-01
   7.1894539e-01
   9.0977150e-01
   5.0428346e-01
   3.8934401e+00
   2.0882780e+00
   1.6111371e+00
   2.6001257e+00
   1.4291615e-01
   1.1663810e+00
   2.4031071e+00
   2.6839683e-02
   3.1631707e+00
   9.3164707e-01
   3.1579566e+00
   9.2286199e-01
   2.0079605e+00
   6.1523858e-01
   1.3583513e+00
   1.4277411e+00
   1.4528493e+00
   2.0681222e+00
   1.6201140e+00
   3.5976834e+00
   3.9575965e+00
   4.1143912e+00
   2.8666154e+00
   4.6252087e-01
   9.3248768e-01
   4.1175615e-01
   2.0316904e+00
   7.4368419e-01
   6.5876761e-01
   4.3352544e+00
   3.5429736e+00
   4.2360147e+00
   5.6013871e-01
   2.6483514e+00
   1.8351838e+00
   3.2641779e+00
   2.4656933e+00
   2.5169543e+00
   2.1676267e+00
   3.0752734e+00
   2.0918744e+00
   3.2665777e+00
   1.5607426e+00
   3.4608073e+00
   2.4604536e+00
   1.8559285e+00
   3.8952402e+00
   2.1179612e+00
   9.9192524e-03
   4.9983154e-01
   1.1517131e+00
   3.3961129e-01
   1.7147614e+00
   3.8124773e+00
   2.2983501e+00
   3.9095953e+00
   2.8329974e+00
   1.0635772e-01
   9.4916601e-02
   1.4639669e+00
   9.5418643e-01
   3.6564507e+00
   2.2852002e+00
   5.5344429e-01
   2.3819930e+00
   1.1580938e+00
   5.1013031e+00
   1.3842496e-01
   9.5741501e-01
   1.6963303e+00
   1.5192936e+00
   1.0696948e+00
   2.4625511e+00
   1.1030779e-01
   1.3578247e+00
   5.8765022e-01
   2.2791860e+00
   3.1571938e+00
   1.4955370e+00
   2.0250479e+00
   4.3951506e-01
   3.6979191e-01
   4.5374478e-01
   3.1898921e+00
   4.2860215e+00
   1.0742656e+00
   2.3117116e+00
   2.7133039e+00
   4.7126749e+00
   2.3787954e+00
   5.5772357e-01
   1.7571558e+00
   8.7175621e-01
   1.5586149e+00
   2.8429670e+00
   1.1298074e+00
   4.6536162e-02
   9.8470295e-01
   4.2034358e+00
   1.6338782e+00
   5.9071131e-01
   1.2718897e+00
   1.9795132e+00
   2.6486022e+00
   8.5127598e-01
   1.0776101e+00
   1.9784892e+00
   8.9566384e-01
   1.3875210e+00
   2.5498265e+00
   4.5404750e-01
   2.7734392e+00
   5.4487317e-01
   3.6441139e+00
   1.8201565e+00
   4.6370897e-01
   2.5557656e+00
   6.5675735e-01
   1.4522247e+00
   1.7181031e-01
   1.7721324e+00
   4.0412237e+00
   5.5049894e+00
   1.2709156e+00
   1.9028853e+00
   1.5950176e+00
   2.5715585e+00
   4.0633205e-01
   1.5403082e+00
   2.0889764e+00
   1.0824013e+00
   8.6433661e-01
   3.0952952e+00
   1.8204948e+00
   1.6156196e+00
   2.7792042e+00
   1.8193777e+00
   2.1932735e-01
   1.5348873e+00
   2.3867275e+00
   4.2382104e-01
   4.8034657e-01
   3.2589249e+00
   1.8174081e+00
   2.4328144e+00
   1.3137363e-01
   2.3941726e+00
   1.7586698e+00
   8.1913301e-01
   1.8975957e+00
   1.3872049e+00
   2.8255555e-01
   9.0499225e-01
   8.0423302e-01
   9.9551248e-01
   2.1937642e+00
   1.5870306e+00
   1.5175716e-01
   1.5646817e+00
   1.0139211e-01
   4.3498471e+00
   4.1390856e-01
   1.6716801e+00
   1.6749181e+00
   3.2975486e+00
   6.9441694e-01
   2.1992865e+00
   2.5738195e+00
   2.1163875e+00
   1.9638942e+00
   1.1432370e+00
   1.0633660e+00
   1.8707521e+00
   1.8600510e+00
   1.3010145e+00
   5.2226763e-01
   3.0815485e+00
   9.0613218e-02
   1.8510134e+00
   8.7707739e-01
   3.1846233e+00
   3.7537868e+00
   3.5399228e+00
   3.0072547e+00
   2.2022446e+00
   2.3074421e+00
   4.5378577e+00
   1.1773343e+00
   3.4524793e+00
   3.1095092e+00
   6.8073481e-01
   1.2069162e+00
   4.1968226e+00
   1.0162778e+00
   7.7900348e+00
   1.1071064e+00
   1.3005604e+00
   2.1721936e+00
   1.7116066e+00
   1.4169772e+00
   3.6532536e+00
   1.6175707e+00
   3.7129210e+00
   1.6826024e+00
   8.1967964e-01
   1.8767180e+00
   7.8249662e-01
   7.3511010e-01
   1.5935311e+00
   2.4876465e+00
   2.8581147e+00
   2.5133751e+00
   1.7877406e+00
   8.9469084e-01
   1.3580594e+00
   7.8626757e-01
   7.4323560e-01
   1.2180983e+00
   2.7980665e+00
   1.5990413e+00
   1.7213967e+00
   3.7217388e+00
   7.4496579e-01
   2.7862337e-01
   1.0636628e-01
   2.0970233e+00
   1.2929306e+00
   1.0907007e+00
   3.0501564e+00
   1.0626526e+00
   2.8256834e-01
   1.7282062e+00
   9.2649772e-01
   2.4342541e-02
   2.0362708e+00
   1.5975290e+00
   1.9144260e+00
   3.2853257e-01
   2.8191688e-03
   1.7103134e+00
   2.8961929e-01
   2.8896612e+00
   4.0463241e-01
   2.0920380e-01
   3.3506589e+00
   1.8980394e+00
   9.0815279e-01
   1.5729832e+00
   3.8613708e+00
   2.6611778e+00
   9.0296859e-01
   4.4224042e+00
   1.2650410e+00
   3.5914664e+00
   4.5039361e-01
   1.3758914e+00
   2.7154817e+00
   1.0121467e+00
   3.2630614e+00
   4.3693563e-01
   8.6036214e-01
   3.7999128e+00
   3.7960563e+00
   3.0736923e+00
   4.3271850e+00
   1.6873430e+00
   8.8096815e-01
   7.6021694e-01
   1.2772603e+00
   1.2671560e+00
   3.4349638e+00
   1.9757818e+00
   3.3599454e+00
   1.2928990e+00
   3.1299138e+00
   1.0767258e+00
   4.8625088e+00
   2.5326632e-01
   1.0730105e+00
   2.1542160e+00
   5.3674889e+00
   1.3516913e+00
   2.4513487e+00
   3.4123258e+00
   1.3382915e+00
   9.3699591e-01
   2.2180892e-01
   3.5504469e+00
   4.9708805e-01
   1.2929874e+00
   2.9666371e+00
   2.6888067e+00
   9.1045728e-01
   1.6616777e+00
   2.7874493e+00
   5.3222039e-01
   1.6082716e+00
   9.6583163e-01
   1.2143791e+00
   1.1053119e+00
   3.7982760e-01
   2.0031864e+00
   2.6081375e+00
   9.7308857e-01
   1.3081729e+00
   1.8199249e+00
   3.3277967e+00
   1.6465485e+00
   2.3146976e+00
   1.8449497e+00
   8.9370998e-01
   1.8345454e+00
   1.8969039e+00
   2.0343395e+00
   3.1477229e+00
   2.5058569e+00
   3.5191637e+00
   1.7144377e+00
   2.5196956e+00
   2.3270795e+00
   1.7356743e+00
   3.2829247e+00
   1.4010735e+00
   2.0342608e-01
   2.5869179e+00
   4.1211426e-01
   3.6259905e+00
   1.8797350e+00
   4.9545252e+00
   2.7017745e+00
   5.2195581e+00
   2.8667620e+00
   3.1340237e+00
   2.4674407e+00
   2.9451049e+00
   3.1576633e+00
   8.6423968e-01
   1.8446858e+00
   2.7124370e+00
   2.6991879e+00
   1.4613065e+00
   1.9624198e+00
   1.2589728e+00
   2.4828939e+00
   3.6777956e+00
   1.6819348e+00
   2.9509047e+00
   4.1989612e+00
   3.2204755e+00
   1.7088203e+00
   3.5064423e+00
   2.1792087e-01
   4.7062861e+00
   3.8000193e-01
   2.0658480e-01
   5.9777277e-01
   1.1134977e+00
   2.7148934e+00
   3.0120031e-01
   2.6645010e+00
   1.9862046e+00
   1.6695604e+00
   1.1688712e+00
   1.8400927e+00
   2.2311434e+00
   8.0983061e-01
   2.0178445e+00
   1.9961945e+00
   9.0437934e-01
   2.1634187e+00
   1.1268902e+00
   1.6533735e+00
   1.9053616e+00
   4.0833287e+00
   1.2153772e+00
   1.3260084e-01
   2.9206507e+00
   2.1450343e+00
   2.8746901e+00
   2.2129222e+00
   1.8334867e+00
   1.1328628e+00
   3.8796593e+00
   1.1113076e+00
   2.4350914e+00
   2.5971682e+00
   2.5890345e+00
   3.0638843e+00
   3.2884879e+00
   2.6078986e+00
   7.3587507e-01
   4.7456361e-02
   2.9399836e+00
   2.0346996e+00
   2.8688660e+00
   5.2403618e+00
   2.2386096e+00
   2.5002489e-01
   7.1499762e-01
   1.1611767e+00
   1.6691950e+00
   2.3749666e+00
   1.3687838e+00
   2.1079448e-01
   2.1786798e-01
   9.8846303e-01
   9.9684766e-02
   5.9533256e-01
   3.2562571e+00
   1.3553133e+00
   2.0953286e+00
   3.4771842e+00
   3.1014640e+00
   2.8186878e+00
   4.2991394e-01
   1.7045337e+00
   2.8525062e-01
   2.5221212e+00
   4.6052002e+00
   1.2161037e+00
   2.4131946e+00
   2.9224095e+00
   1.9448089e+00
   1.8852880e+00
   4.2217229e+00
   4.3521640e-01
   9.3675776e-01
   4.0238074e+00
   3.7898896e+00
   1.6159497e+00
   9.5398482e-01
   3.3688391e-01
   1.1162349e-01
   5.6809589e-01
   5.7354940e-02
   1.9724192e+00
   9.5877814e-01
   3.3037794e+00
   3.7824032e+00
   4.6132530e+00
   2.3873286e+00
   8.8582898e-01
   3.5338248e+00
   2.8851859e+00
   2.8460127e+00
   2.1213404e+00
   2.5339189e+00
   1.8946280e+00
   2.4427338e+00
   3.0769764e+00
   1.8647890e+00
   1.9683760e+00
   3.2050694e+00
   1.6879760e+00
   3.4821035e+00
   7.7595638e-01
   4.5613694e+00
   1.0033913e+00
   4.5420647e-01
   2.6276792e+00
   1.6268455e+00
   1.0241327e+00
   3.7444669e+00
   1.3951021e+00
   6.1464113e-01
   2.6987739e+00
   9.3545348e-01
   3.9983093e+00
   1.0446800e+00
   1.3474203e+00
   2.4156590e+00
   9.1523133e-02
   2.6198802e+00
   3.3259317e+00
   7.4378973e-01
   8.5660980e-01
   2.9578937e+00
   3.4911988e+00
   2.5295403e+00
   1.1971553e+00
   2.0352299e+00
   2.4991074e-01
   7.0023978e-02
   2.6551443e+00
   9.8847612e-01
   6.5353923e-01
   1.8335486e+00
   5.5723655e+00
   3.4939250e+00
   2.2175175e+00
   1.3206737e+00
   3.7523890e+00
   6.6332948e-02
   1.0914247e+00
   1.2308854e+00
   8.5621192e-01
   1.1996045e+00
   4.4782392e-01
   2.2320117e+00
   1.6070318e+00
   1.3564815e-01
   3.3469584e+00
   3.3477948e+00
   2.4587402e+00
   1.2546681e+00
   4.0949169e+00
   1.7557102e-01
   2.2599193e+00
   2.3558756e+00
   1.0932356e+00
   2.0468933e+00
   6.3275750e-01
   2.5290131e+00
   3.5044272e+00
   9.4919137e-01
   9.4182376e-01
   2.9845361e+00
   3.7481703e+00
   9.4224263e-01
   2.3859773e+00
   8.3162375e-01
   2.8570295e+00
   1.6527512e+00
   1.8819211e+00
   8.1907996e-01
   4.0046131e-01
   2.7691307e+00
   2.2307440e+00
   3.1879510e+00
   4.3505055e-01
   1.0154669e+00
   2.9738586e+00
   3.1026294e+00
   1.4930991e+00
   1.9767567e+00
   1.1141966e+00
   4.0869411e+00
   3.8224563e+00
   5.9865583e-01
   1.6109748e+00
   1.9317434e+00
   4.5342099e-01
   2.0166018e+00
   1.2157650e+00
   1.6682158e-01
   1.3722031e+00
   2.1814526e+00
   5.6762667e-01
   4.2383725e+00
   3.6095619e+00
   9.2933833e-01
   1.7868576e+00
   2.2726687e+00
   2.4879138e+00
   1.8812374e-01
   7.0781318e+00
   2.8808775e+00
   3.7726411e-01
   2.8312866e+00
   6.2796639e+00
   5.7154176e-01
   1.7386268e+00
   4.3020575e-02
   1.3849981e+00
   6.3724078e-01
   2.0525524e+00
   3.6334771e+00
   9.0767851e-01
   2.0176977e+00
   2.8421280e+00
   1.7005176e+00
   1.1141746e-01
   3.9981988e+00
   2.9254949e+00
   2.2829139e-01
   1.0796022e+00
   2.8957297e+00
   1.3869803e+00
   1.2886663e+00
   6.7625738e+00
   1.1494372e+00
   3.5449864e+00
   3.8710868e-01
   1.8351362e+00
   2.5893524e+00
   1.4766968e+00
   2.6455721e+00
   1.8685831e+00
   2.1261713e-01
   1.0809691e+00
   1.7085535e-01
   7.1752634e+00
   3.5462528e+00
   1.2019812e+00
   3.6138971e+00
   3.3071329e+00
   3.8489393e+00
   2.2951211e+00
   9.6626830e-01
   1.2227774e+00
   1.8474074e+00
   1.1740364e+00
   1.7023330e+00
   1.1632025e+00
   1.6149227e-01
   4.3961309e+00
   5.5868518e-01
   3.1338690e+00
   1.4815670e+00
   2.5218738e+00
   1.9943981e+00
   4.9603840e-01
   2.9747524e+00
   2.4160963e+00
   2.8184117e+00
   2.8351573e+00
   2.1900546e+00
   1.5020594e+00
   1.5170064e+00
   1.8329636e+00
   2.9210389e+00
   3.8745353e+00
   1.8167700e+00
   1.0221000e+00
   7.7198682e-01
   1.9596466e+00
   1.4548157e+00
   4.1016739e-01
   1.5464177e+00
   6.8725366e-01
   1.7979338e+00
   1.7151814e+00
   2.1552579e+00
   8.7661181e-01
   1.8616551e+00
   2.3331032e-01
   1.9557451e+00
   2.3193386e-03
   3.1985166e+00
   1.1624536e+00
   1.1763087e+00
   2.2634300e+00
   3.6514681e+00
   2.9059196e+00
   3.4706924e+00
   1.5534090e+00
   4.6215172e+00
   2.1162712e+00
   6.1209008e-01
   5.1971039e+00
   4.1266816e+00
   2.7646172e+00
   1.5939534e+00
   3.2298175e+00
   4.6490117e+00
   5.6144427e-02
   2.0636148e+00
   3.7111070e-01
   1.6803865e+00
   1.6808650e+00
   3.8741980e+00
   3.8694088e+00
   3.4853161e+00
   8.9098284e-01
   2.5992380e+00
   9.8529439e-01
   1.1796017e+00
   3.6015779e+00
   1.4311170e+00
   2.7036450e+00
   2.6736898e+00
   1.1932307e+00
   2.1541701e-01
   2.0939131e+00
   1.5641689e+00
   6.3247449e-01
   2.1652398e+00
   3.0206362e+00
   1.3872788e-01
   9.7944745e-01
   1.6961501e+00
   1.5621442e+00
   1.8835874e+00
   2.9224536e+00
   6.6787738e-01
   7.2225351e-01
   2.1849301e+00
   5.7832081e-01
   1.0847429e+01
   4.7193866e+00
   3.2313026e+00
   2.6433225e+00
   4.2447775e+00
   8.1659000e-01
   3.3403345e+00
   1.8167525e+00
   1.5595522e+00
   1.1350997e+00
   1.9948076e+00
   2.7652634e+00
   1.6602248e+00
   3.2797259e+00
   3.2509526e+00
   1.5186297e+00
   1.1755326e+00
   3.9438331e+00
   3.0383914e-01
   4.5482990e+00
   2.3947268e+00
   3.1881436e+00
   3.4581333e-01
   2.0032001e+00
   7.9724286e-01
   1.8253161e+00
   2.8439045e+00
   1.5314827e-01
   2.0999603e+00
   1.7647755e+00
   3.0547029e+00
   7.3884766e-01
   7.1691726e-01
   2.9544441e-02
   5.9913494e-01
   3.6883674e+00
   3.0771182e+00
   1.3888005e+00
   1.5892327e-01
   5.8922366e-02
   8.6885873e-01
   3.0501175e+00
   1.5828310e+00
   7.5615869e-01
   2.5152684e+00
   9.1310074e-01
   1.7452966e+00
   9.5372440e-01
   9.5249137e-01
   1.1503790e+00
   4.0584022e+00
   1.5806306e+00
   1.8154916e+00
   4.0367011e+00
   8.7869140e-02
   3.0599407e+00
   3.1253237e+00
   8.2485251e-01
   2.5333528e+00
   2.2025505e+00
   1.8430748e+00
   1.8217993e+00
   1.9153457e+00
   8.0326298e-01
   2.9901616e+00
   2.8726384e+00
   3.4581340e+00
   2.2070574e+00
   2.7772279e-01
   2.6339193e+00
   4.3293050e-02
   2.9587254e-01
   7.9230152e-01
   8.3429094e-01
   2.3468410e+00
   2.2715782e+00
   1.2627367e+00
   2.1972222e+00
   8.7675737e-01
   6.5021235e-01
   1.0891174e+00
   2.4921227e+00
   3.7657966e-01
   2.6362448e+00
   1.5870270e+00
   1.9228598e+00
   1.1839891e+00
   6.1392356e+00
   1.5952051e-01
   4.6727974e+00
   2.6305968e+00
   1.2349267e+00
   3.8490756e+00
   1.7282817e-01
   8.4706576e-01
   1.1790347e+00
   5.5485511e+00
   2.4464903e+00
   1.8071980e+00
   5.5312796e+00
   1.1723598e+00
   2.7684662e+00
   2.7088854e+00
   2.1948618e+00
   3.4481123e+00
   9.8674969e-02
   1.0630962e-01
   1.1599601e+00
   2.1376171e+00
   8.8221632e-01
   1.1121373e+00
   3.3340091e+00
   1.7012868e+00
   2.0525770e+00
   1.1440190e+00
   2.0980113e+00
   7.2916532e-01
   5.1798816e-01
   8.5745686e-02
   3.2410658e+00
   7.7442117e-01
   4.2162804e+00
   1.7843320e+00
   2.4190941e-02
   3.7928039e-01
   2.0027427e+00
   7.7930012e-02
   1.6918009e+00
   2.5917141e+00
   3.2147839e+00
   2.6794627e+00
   2.0825909e+00
   2.3765923e+00
   2.3972229e+00
   3.8504388e+00
   8.9850428e-01
   3.0129945e+00
   9.5091838e-01
   2.9863519e+00
   1.3661231e+00
   1.0422104e+01
   2.0576466e+00
   3.8990570e+00
   2.7377424e+00
   1.8614036e+00
   2.1583269e+00
   2.6565708e+00
   2.6204769e+00
   3.5950381e-01
   3.5316625e+00
   1.6741988e+00
   2.7403419e+00
   4.7843116e+00
   8.0041432e-01
   5.6016650e-01
   2.6396073e+00
   2.5226929e+00
   2.2490415e-01
   8.1773667e-01
   1.0023081e+00
   4.8036505e-01
   2.1798184e+00
   2.6876057e+00
   2.2574569e+00
   9.4288087e-01
   8.5546145e-01
   2.3605828e+00
   1.8395318e+00
   1.2429505e+00
   7.7531651e-01
   6.0362306e+00
   2.7895369e+00
   8.2594917e-01
   4.0695009e-01
   2.5604343e+00
   1.4945139e+00
   1.8556722e+00
   8.6117851e-01
   5.5488196e-01
   3.3809523e+00
   7.6438280e-01
   9.8198922e-01
   2.0618123e+00
   1.7112896e+00
   1.0088299e+00
   2.4179676e-01
   5.9419705e-02
   1.8097550e-01
   1.9017513e+00
   1.7148819e+00
   3.2856301e+00
   1.0049313e+00
   1.0854158e+00
   2.4277498e+00
   7.3192630e-01
   9.2203245e-01
   3.5947500e+00
   3.5264970e+00
   1.3744803e+00
   1.2699535e+00
   3.4926142e+00
   1.9111858e+00
   1.5644296e+00
   1.6694186e+00
   3.8235690e-01
   3.0977650e+00
   7.4633723e-01
   2.5034625e+00
   1.6380079e+00
   1.0162976e+00
   2.8291207e+00
   2.2974566e+00
   1.4582925e+00
   2.1391021e+00
   5.3552577e-01
   5.4370649e+00
   3.0352632e+00
   2.6201324e+00
   2.3214508e-01
   1.9649133e+00
   4.1626341e+00
   4.0732733e+00
   6.0636231e-01
   1.2170997e+00
   1.8426457e+00
   6.7611022e-01
   5.1539048e+00
   1.0761669e+00
   2.5522180e+00
   1.0508171e-01
   1.4546926e+00
   6.3421365e-01
   1.6159255e+00
   2.8156842e+00
   1.8728649e+00
   6.2391266e+00
   1.8404729e+00
   5.1407965e-01
   1.8499485e+00
   7.1382337e+00
   5.4907610e-01
   3.3569803e+00
   4.0404899e+00
   7.5621161e-01
   1.0358507e+00
   3.5248527e+00
   8.7538700e-02
   4.9136044e-01
   1.2613147e+00
   2.5070019e+00
   3.5261798e+00
   1.1758069e+00
   4.1285274e+00
   2.7239471e-01
   1.2793262e+00
   3.7682902e+00
   1.6548694e+00
   2.1744228e+00
   2.6560744e+00
   3.3186081e+00
   2.2643048e+00
   2.6624641e+00
   5.5619332e-01
   3.6983704e+00
   2.4321230e+00
   2.4016183e+00
   1.4979486e+00
   1.6442635e+00
   1.6508926e-01
   8.3973207e-01
   3.9602740e-01
   3.3187318e+00
   4.5141673e+00
   1.0716367e+00
   3.8579147e+00
   1.5404590e+00
   2.1955736e+00
   6.8620860e-01
   2.6530671e+00
   9.6791953e-01
   8.4051294e-01
   8.5873465e-01
   1.6249164e+00
   4.0503443e+00
   1.3087336e+00
   1.8154947e+00
   3.3597379e+00
   1.5706252e+00
   1.6133045e+00
   1.1195570e+00
   6.0198005e-01
   2.4162383e-01
   1.3829951e+00
   3.8406949e+00
   2.7068540e+00
   1.5717369e+00
   3.3750109e+00
   4.5708532e-01
   1.6086083e+00
   2.1594410e+00
   3.7676314e+00
   4.7419968e-02
   1.3434976e+00
   2.8093984e+00
   1.7247537e+00
   2.9799475e+00
   1.3141818e-01
   1.9978216e+00
   2.7844013e+00
   4.3838707e+00
   8.4605295e-01
   7.0725420e-01
   1.1832490e+00
   5.6525975e-01
   5.9443945e-02
   3.4592035e+00
   1.4606245e+00
   4.4570238e+00
   2.3424256e+00
   2.9172713e+00
   2.3683834e+00
   3.6794356e+00
   9.6141363e-01
   6.4536130e-01
   5.6062734e-01
   1.2773188e+00
   3.8001618e+00
   7.1666092e-01
   1.2330934e+00
   2.8560871e-01
   2.7442226e+00
   1.1600600e+00
   2.3020186e-01
   3.2892138e+00
   1.6432645e+00
   3.5305746e+00
   3.7856561e+00
   6.9061450e-01
   5.1380976e-01
   3.0672955e-01
   2.1043716e+00
   2.9415766e+00
   1.2769558e+00
   3.1875616e+00
   3.6303544e+00
   2.7721068e+00
   3.2399381e-01
   2.0988192e+00
   3.8968117e-01
   2.3366116e+00
   3.0775783e+00
   1.0632810e+00
   4.1018674e-01
   2.4541837e+00
   2.6655986e+00
   2.2171345e+00
   8.5159378e-01
   7.7218315e-01
   1.0171041e+00
   1.0110091e+00
   2.3816539e+00
   2.5331122e-01
   5.1454878e-01
   1.6571838e+00
   1.6353673e+00
   1.5430361e+00
   2.4148782e+00
   4.1007060e-01
   1.8924860e+00
   1.9849987e+00
   9.6044769e-02
   2.5040066e+00
   3.1705489e-01
   3.2005067e+00
   3.2544046e+00
   2.8574789e+00
   3.1142440e+00
   9.4006254e-01
   3.6324276e+00
   7.7370469e-01
   8.6598051e-02
   2.3579563e+00
   1.4129216e+00
   5.3854932e-01
   1.6563004e+00
   1.1843761e+00
   2.3997851e+00
   4.3168421e+00
   4.0360881e+00
   2.1928226e+00
   4.1179187e+00
   2.0131555e+00
   2.2726069e+00
   3.2715347e+00
   2.1318132e+00
   3.1774528e+00
   2.1655246e+00
   1.7809725e+00
   1.3786506e+00
   7.7219649e-01
   9.5040465e-01
   2.5928051e-01
   4.1437558e+00
   1.2383375e+00
   4.1001757e+00
   8.2522602e-01
   2.1290230e+00
   1.0487552e+00
   2.5746006e+00
   9.5926796e-01
   2.6638147e+00
   3.8907144e+00
   3.8212176e+00
   4.3056159e+00
   3.7065151e-01
   8.6566279e-01
   3.3180491e+00
   5.1443078e-01
   7.5758705e-01
   3.6607333e+00
   3.6692875e+00
   3.1741341e+00
   4.4657307e-01
   3.4752454e+00
   2.6152072e+00
   2.5865496e+00
   3.3827240e+00
   1.1943295e+00
   2.5964761e-01
   6.7809485e-03
   5.6512003e-01
   1.2965172e+00
   2.1921548e+00
   4.9596818e-01
   3.2939734e+00
   3.1016568e+00
   4.3240288e+00
   3.6342205e+00
   3.9569124e+00
   3.2520392e+00
   1.5346836e+00
   5.2742169e-01
   2.3618939e+00
   1.5404450e-01
   1.0832730e+00
   1.7219505e+00
   2.4716907e+00
   1.4764911e-01
   1.7967360e+00
   4.6114818e-02
   1.8196769e+00
   2.6819065e+00
   2.5287344e+00
   1.2116436e+00
   3.2234187e+00
   2.4690231e+00
   2.5548632e+00
   2.4017260e+00
   3.6757110e+00
   2.3183881e+00
   9.0443887e-01
   2.7916343e+00
   6.5285808e-01
   5.3443264e-01
   1.3685778e+00
   5.6340857e-01
   5.1171163e-01
   2.6376432e+00
   8.5340776e-01
   3.3288531e+00
   1.2990314e+00
   9.4442779e-01
   2.2409496e+00
   1.3856135e+00
   2.4216982e+00
   5.5300463e-01
   2.1644401e+00
   1.3284479e+00
   4.1948094e+00
   2.8234128e+00
   3.3377172e+00
   2.3280273e+00
   1.8679886e+00
   1.7548371e+00
   2.2617186e+00
   2.8901206e-01
   3.4793204e+00
   1.8416934e+00
   2.3382794e+00
   2.2850415e+00
   3.3774212e+00
   8.9213341e-01
   2.3972984e+00
   3.0576298e+00
   5.3852660e+00
   2.3931687e+00
   1.1212624e+00
   1.3640758e+00
   3.9581605e+00
   1.9122271e+00
   3.2059671e+00
   8.9780297e-01
   5.5436287e-01
   2.1769620e+00
   3.1660320e+00
   1.3536660e+00
   1.8283709e+00
   2.9524751e+00
   9.9312740e-01
   8.2340238e-01
   2.7336973e+00
   1.2782460e+00
   5.6864896e+00
   1.4261811e+00
   2.8209846e-01
   1.7983288e+00
   4.0596957e+00
   2.3493760e+00
   5.6367096e-01
   2.0988434e+00
   3.5475424e+00
   1.3221733e+00
   2.0048338e+00
   3.6535172e-02
   1.2541516e+00
   5.9338057e-01
   7.1723717e-01
   2.8651876e+00
   3.2531373e+00
   7.5969836e-01
   6.4093998e-01
   4.4101274e+00
   1.7544472e+00
   1.3009755e+00
   1.1536856e+00
   8.2214559e-01
   2.0171616e-01
   1.1557262e+00
   1.9307156e+00
   3.5366475e+00
   5.7991687e-03
   2.1661216e+00
   9.6643561e-01
   1.9822369e+00
   8.3687817e-01
   2.9360549e+00
   3.2152791e+00
   1.4951885e+00
   3.9352796e+00
   3.3634250e-01
   6.5506563e-03
   1.6779627e+00
   1.9447247e+00
   4.6041285e+00
   1.8560516e+00
   1.6637854e+00
   3.0483259e+00
   2.1938009e+00
   2.2496228e+00
   1.7295002e+00
   2.5698996e+00
   2.2654455e+00
   1.8102016e+00
   1.9229847e-01
   3.1269742e+00
   1.3700141e+00
   3.5488573e+00
   1.5617581e+00
   4.1266215e+00
   1.4338051e-01
   2.4712771e-01
   2.7333549e+00
   3.8087021e-01
   1.0875816e+00
   1.0972053e+00
   1.0809353e+00
   1.8576917e+00
   1.7606136e+00
   2.0450659e+00
   1.4306907e+00
   2.5261277e+00
   2.4386235e+00
   1.5378067e+00
   2.5356623e+00
   1.7059058e+00
   2.3013512e-01
   1.8405738e+00
   2.9066894e+00
   1.1672613e+00
   9.4462589e-01
   1.9736618e+00
   2.6965904e+00
   2.7103647e+00
   1.2667338e+00
   1.6955696e+00
   5.0472347e-02
   3.6585834e+00
   1.0562800e+00
   3.8102867e-01
   3.1701033e+00
   1.1949705e+00
   2.8098807e+00
   8.1711032e-01
   1.1612649e+00
   3.0162994e+00
   4.7947098e+00
   2.9370472e-01
   2.3750931e-01
   1.7533731e+00
   3.7911376e+00
   9.3624788e-01
   2.9492163e+00
   4.4887214e-02
   1.2059223e+00
   2.5402728e+00
   2.1592506e+00
   1.8348819e-01
   1.6062106e+00
   3.6737166e+00
   2.8974487e+00
   1.8270465e-02
   2.6969266e-01
   3.4096982e-01
   1.3675835e+00
   1.7326897e+00
   7.9516352e-01
   1.1611398e+00
   4.3927944e-01
   1.2599162e+00
   2.3211428e+00
   2.2025357e-01
   1.9365313e+00
   1.0329923e+00
   1.6195295e+00
   1.0038630e+00
   1.8042062e+00
   2.7015691e+00
   7.0210189e-01
   5.2084996e+00
   4.9822976e+00
   3.5139375e+00
   2.5029596e+00
   4.2610043e+00
   1.7392899e+00
   2.1240238e+00
   1.1699267e+00
   2.3653851e+00
   2.3226311e+00
   2.1378374e+00
   1.2090010e+00
   2.1267423e+00
   3.1609465e+00
   1.3385379e+00
   1.1724539e+00
   1.9240314e+00
   2.7659723e-01
   6.9962339e-01
   1.6156453e+00
   1.5049330e+00
   3.0391166e+00
   3.5460522e+00
   2.4111099e+00
   1.6316287e+00
   9.2633564e-01
   1.4615177e+00
   1.5265948e+00
   1.6768063e+00
   8.8157013e-02
   1.5322900e+00
   1.2266765e+00
   1.5389768e+00
   1.3862181e+00
   1.4382515e+00
   2.6572439e+00
   3.5293260e+00
   3.6868636e+00
   1.6280801e+00
   2.6386750e+00
   1.2368281e+00
   1.6627104e-01
   1.3912462e+00
   2.6729980e+00
   3.1512194e+00
   1.8796576e+00
   4.6823087e+00
   5.9978471e-01
   1.7623240e+00
   1.4634383e+00
   4.4645841e+00
   7.2871823e-01
   2.6490667e+00
   1.2405989e+00
   7.1412586e-02
   8.1668443e-01
   9.2200652e-01
   1.6955127e+00
   2.5839563e+00
   1.7164840e+00
   4.5896996e+00
   8.0878405e-01
   3.3517788e+00
   3.4519194e+00
   4.0479475e+00
   1.5935323e+00
   2.5703073e+00
   4.6380799e+00
   6.9684736e-01
   3.1462175e+00
   1.4949297e+00
   3.4524482e+00
   2.0708126e+00
   8.9436857e-01
   9.3931431e-01
   4.5898406e-01
   5.8029725e-01
   1.6958213e+00
   3.1507899e+00
   1.3328026e-01
   2.5957562e+00
   5.6555336e-01
   1.1816789e+00
   3.5389166e+00
   4.0598535e+00
   4.1096851e+00
   9.1667686e-01
   9.2017396e-01
   3.8668396e+00
   1.1466728e+00
   2.8255797e+00
   2.2150381e+00
   6.1236775e-01
   8.5029712e-01
   4.5320916e-01
   5.4215078e-01
   3.8701749e+00
   2.3950564e+00
   5.4728180e-01
   1.4274445e+00
   4.1076421e+00
   1.0616028e-01
   1.0321663e+00
   2.3204422e+00
   2.5254082e+00
   1.5987598e+00
   1.6326037e+00
   7.0775058e-01
   3.4301892e+00
   1.2104821e+00
   4.1723326e+00
   1.8105610e+00
   1.8244685e+00
   1.2573365e+00
   3.2762862e+00
   2.9289830e+00
   2.0549992e-01
   8.7140564e-01
   4.0588654e+00
   1.8060786e-01
   3.3164611e+00
   2.1156589e+00
   6.3888775e-01
   2.1150322e+00
   2.7232850e+00
   4.2225400e-01
   8.5242527e-02
   2.4158342e+00
   9.5419473e-01
   1.7536698e+00
   3.4777954e+00
   4.2372392e+00
   1.4201932e+00
   2.4185649e+00
   2.1300846e+00
   2.3753350e+00
   2.9674521e+00
   1.8548000e+00
   2.6337398e-01
   2.7896545e+00
   4.6751383e-01
   1.6502245e+00
   1.6961675e+00
   2.9431691e+00
   2.8451429e+00
   7.6574407e-01
   2.4629406e+00
   1.0751176e+00
   2.8760034e+00
   1.4697718e-01
   3.8530627e-01
   3.4108398e+00
   3.2663327e-01
   8.1493708e-01
   2.9809602e+00
   3.7620919e+00
   2.4643763e+00
   5.3300510e+00
   2.9984172e-01
   1.4965884e+00
   3.7441503e-01
   1.7726576e+00
   1.9432900e+00
   2.7397546e+00
   1.9303940e+00
   4.1382699e+00
   1.5111587e+00
   2.1596986e+00
   4.3087932e+00
   1.0972181e+00
   1.0438463e+00
   1.8139455e+00
   1.5604224e+00
   8.1619604e-01
   6.0392195e+00
   1.2581315e+00
   2.3479453e+00
   3.3051739e-02
   1.0343405e+00
   3.8663657e+00
   7.9679704e-01
   3.4206395e+00
   5.9044550e-01
   1.9459519e+00
   1.4907172e+00
   2.0517860e+00
   4.4434829e+00
   3.0489934e+00
   1.5147719e+00
   1.1615381e+00
   3.7615925e+00
   5.1918417e-01
   1.6483069e+00
   3.3485645e+00
   1.6751393e+00
   2.4091966e+00
   5.1550274e+00
   8.0913708e-01
   2.5369256e+00
   3.1955242e+00
   1.1512044e+00
   8.3240339e-01
   9.3488065e-01
   8.9354306e-01
   2.7894500e+00
   1.1542210e+00
   1.4219785e+00
   3.2709512e+00
   1.1685366e+00
   1.8216132e+00
   2.7161405e+00
   3.6008134e+00
   1.5020640e+00
   9.1241440e-01
   1.5251919e+00
   1.7874003e+00
   1.3634407e+00
   3.2416941e+00
   3.1976156e+00
   1.3580574e+00
   8.4166193e-01
   2.4808212e+00
   1.2797609e+00
   3.7777122e+00
   1.5807156e+00
   9.1617859e-02
   2.1335982e+00
   1.8457245e+00
   1.2428868e+00
   1.7249891e+00
   3.5286077e-01
   3.6684732e+00
   2.4160938e+00
   1.9468934e+00
   1.2780019e+00
   1.7585484e+00
   2.6052232e+00
   8.7104929e-01
   1.4770833e+00
   1.7997610e+00
   2.5820691e+00
   7.2730095e-01
   1.8604590e-01
   6.5199804e-02
   1.8204286e+00
   3.7071169e+00
   2.1479185e+00
   4.8797422e+00
   8.3557538e-01
   1.3403338e+00
   2.0079344e+00
   2.6715109e+00
   1.2031770e+00
   2.3652125e+00
   3.6776688e+00
   3.5340352e+00
   3.6779602e+00
   1.8057957e+00
   3.2551909e+00
   1.6504578e+00
   1.8067106e+00
   2.0658228e+00
   3.2764290e+00
   1.0254427e+00
   1.4232880e+00
   2.0892490e+00
   3.9623989e+00
   3.1349077e+00
   3.6041450e+00
   4.4524044e-02
   1.5865532e+00
   4.5540444e-01
   2.5254670e-01
   1.0135211e+00
   6.9502887e-01
   1.4634447e+00
   4.9238462e-01
   1.4288390e+00
   1.5341719e+00
   3.1410671e+00
   3.6798625e+00
   1.4859892e-01
   2.2780590e+00
   4.3694999e-01
   5.5360949e-01
   1.2223506e+00
   1.4247651e-01
   1.3532802e+00
   1.4354907e+00
   1.3875214e+00
   2.6165026e+00
   1.9010435e+00
   3.2968152e+00
   2.6025133e+00
   3.4824876e-01
   9.6069533e-01
   3.9436656e+00
   2.7299725e+00
   2.0095817e-01
   9.4515843e-01
   1.8376884e+00
   1.3274535e+00
   1.3982531e+00
   5.6002420e-01
   6.8945344e-02
   2.3063762e+00
   3.4969637e+00
   8.1251957e-01
   1.8996302e+00
   3.2637945e-01
   2.9202797e+00
   3.3504695e+00
   1.9204337e+00
   1.4425678e+00
   1.2416996e+01
   1.2723599e+00
   4.0297470e+00
   1.1528612e+00
   8.2643601e+00
   1.3226600e+00
   1.4012827e+00
   3.6606608e+00
   5.4440742e+00
   2.2844868e+00
   1.0510610e+00
   1.7047640e+00
   2.1389513e+00
   1.0234474e-01
   4.4771166e+00
   1.9714369e+00
   2.2838408e+00
   1.1436188e+00
   1.5036413e+00
   1.3938873e+00
   2.2734433e+00
   3.0787928e+00
   4.8134957e+00
   1.3099842e+00
   6.3320124e+00
   1.5897887e+00
   1.7301456e+00
   2.7400415e+00
   2.8448904e+00
   8.8690236e-01
   5.9388504e-02
   1.2289372e+00
   8.4632455e-01
   1.3183657e+00
   1.1153016e+00
   2.7396798e+00
   9.2497862e-01
   3.1323151e+00
   3.8403489e+00
   3.5872561e-01
   8.1025783e-01
   2.7069836e+00
   1.8222331e+00
   6.8794440e-01
   1.0979255e+00
   3.2277904e+00
   2.9770725e+00
   5.2856393e+00
   1.7669343e+00
   1.4331288e+00
   3.0304941e+00
   4.6429386e-01
   4.3659476e+00
   3.2797893e+00
   3.1250567e+00
   4.3094464e+00
   4.1182583e+00
   1.4068587e+00
   1.2518028e+00
   2.5903648e+00
   9.0388045e-01
   6.8334314e-01
   6.9339849e-01
   5.0746716e+00
   1.9452563e+00
   1.9063009e+00
   3.7797186e-01
   1.9494209e+00
   6.7597006e-01
   2.5884197e+00
   1.0132242e+00
   4.7884772e+00
   1.0849240e+00
   2.3938881e+00
   3.6427485e-01
   2.0450835e+00
   5.3620474e+00
   3.5420516e+00
   2.5537781e+00
   6.6072840e-01
   3.5384878e+00
   1.2213130e+00
   5.5583868e-01
   3.1541458e-02
   3.1390584e+00
   1.6745698e+00
   2.0808955e+00
   1.4814560e+00
   9.2724887e-01
   3.1137983e+00
   1.9236835e+00
   6.2729587e-01
   3.0127606e+00
   1.0423661e+00
   2.5005974e+00
   3.9457029e-01
   3.4313748e-01
   1.5403757e+00
   2.5049450e+00
   1.0246098e+00
   2.5613125e+00
   2.2251609e+00
   2.0299319e+00
   1.5774768e+00
   4.9896850e-01
   2.3568070e+00
   2.9232001e+00
   1.2901848e+00
   7.0484850e-01
   2.0780945e+00
   4.8229569e-01
   1.9014548e+00
   4.0560924e-02
   7.2469730e-01
   8.5615117e-01
   3.5338216e+00
   2.2763636e+00
   3.8253252e+00
   1.2426591e+00
   3.2853000e+00
   1.9433188e+00
   6.7567273e-01
   2.5843364e+00
   1.5649573e+00
   1.5985921e-01
   1.9525400e+00
   2.5605809e+00
   2.5413022e+00
   2.5795806e-01
   3.8667898e+00
   3.4575502e-01
   7.4368594e-01
   9.2048456e-02
   4.4123269e+00
   1.9258821e+00
   2.5054909e+00
   1.4590765e+00
   6.0873666e-01
   1.5646960e+00
   3.4863952e+00
   1.0510194e+00
   2.8764776e+00
   1.2191086e+00
   2.0593751e+00
   2.2462509e+00
   5.8623730e-02
   1.2989955e+00
   4.6256628e-01
   2.7853767e+00
   3.9250238e-01
   3.8374646e+00
   5.6109100e-01
   3.8951550e-01
   2.9152332e+00
   3.4817542e+00
   1.9832922e+00
   1.3278857e+00
   7.7438419e-01
   2.2402360e+00
   3.5964437e+00
   1.0964043e+00
   3.1215582e+00
   1.9879557e+00
   7.3153568e-01
   8.2190719e+00
   1.2911673e+00
   5.9098985e+00
   2.6720428e+00
   1.8606337e+00
   2.7067937e-01
   3.7128521e+00
   9.9674951e-02
   1.7564950e+00
   6.6043581e-01
   1.9458048e+00
   2.2262512e+00
   5.2510727e+00
   1.2059077e-01
   1.7901311e+00
   3.4280076e+00
   6.5933906e-04
   6.4444327e-01
   3.6281766e+00
   3.2742271e+00
   4.7760731e+00
   1.3926053e+00
   4.2686449e+00
   3.8227954e+00
   3.1439109e+00
   1.7120840e+00
   1.5422830e+00
   1.0689437e+00
   1.4040548e+00
   3.6831091e+00
   1.7838932e+00
   2.3695700e+00
   2.4627663e+00
   8.9011925e-01
   1.4940646e+00
   1.9980056e+00
   5.3408029e-01
   2.6786247e+00
   7.4284188e-01
   2.3967626e+00
   2.7817720e+00
   1.6687393e+00
   4.1788591e+00
   1.4401198e+00
   8.0162570e-01
   2.7900955e+00
   1.2783232e+00
   3.8228737e+00
   1.2446802e+00
   1.6508440e+00
   1.1357374e+00
   1.0373490e+00
   3.7769076e-01
   1.9838300e+00
   3.5901040e+00
   1.5873814e+00
   3.8900536e+00
   2.7240888e-02
   4.0142099e+00
   3.2038922e+00
   5.8670714e-02
   2.6574217e+00
   1.3109732e+00
   2.6001266e+00
   2.5066573e+00
   1.8981160e-01
   6.5148121e+00
   2.0516425e+00
   1.4065306e-01
   3.3456502e+00
   8.7441458e-01
   1.7088265e+00
   2.9308917e-02
   2.5007832e+00
   3.4567723e+00
   1.6129223e+00
   6.2800872e-01
   3.1991825e+00
   1.6041181e+00
   5.5495903e-01
   8.2366720e-01
   2.2776331e+00
   1.8404174e+00
   1.5619651e+00
   2.4346948e-01
   2.5953328e+00
   1.9678758e-01
   2.3583901e+00
   2.4225221e+00
   4.7691049e+00
   1.9684284e+00
   1.6790889e+00
   2.2953581e+00
   2.3586996e+00
   2.5921450e+00
   2.6360436e+00
   1.2182983e+00
   1.8642354e+00
   1.4770124e+00
   1.0471885e+00
   1.4276193e+00
   2.4590866e+00
   5.7764193e+00
   2.8966430e+00
   1.2376358e+00
   4.0916035e+00
   2.1662670e+00
   1.0817669e-01
   6.0235249e-01
   2.9768484e+00
   3.1279631e+00
   1.1601098e+00
   2.5483503e+00
   9.7497480e-01
   2.1257241e+00
   1.7482726e+00
   1.4621031e+00
   1.6517615e+00
   2.2604105e+00
   3.8069181e+00
   1.4809351e-01
   3.1997634e+00
   2.0552655e+00
   1.8705262e+00
   1.5822268e+00
   4.2925588e+00
   1.0172623e+00
   2.3719152e+00
   2.5535967e+00
   1.4336439e+00
   4.1749971e-02
   2.7952218e+00
   2.7242868e+00
   4.3440371e+00
   8.9538277e-01
   2.2948645e+00
   3.8078921e+00
   1.7547097e+00
   2.8622013e+00
   5.1344153e+00
   1.6606965e-01
   1.3197347e+00
   3.2889670e+00
   4.0003649e+00
   8.6806394e-01
   8.3405578e-01
   1.2957110e+00
   4.6988753e+00
   3.2172425e-01
   2.9156033e+00
   1.4016321e+00
   3.3232326e+00
   2.0615206e+00
   2.5950133e+00
   1.0716863e+00
   7.8673479e-01
   2.3117583e+00
   5.3227259e-01
   5.0878091e-01
   3.7679715e-01
   2.0775736e+00
   3.8177752e+00
   1.8747002e-01
   6.4118178e+00
   3.0154252e+00
   3.3212364e+00
   2.0718138e+00
   1.4662094e+00
   1.1111805e+00
   6.4641591e-01
   2.8798569e+00
   2.5690351e+00
   3.8189421e+00
   8.0799614e-01
   3.4304769e-01
   1.3223829e+00
   4.1702600e+00
   5.8873769e+00
   1.3723156e+00
   2.1660837e+00
   2.9507365e+00
   7.1278968e-01
   9.9338807e-01
   1.2580543e-01
   3.0676663e+00
   2.0512660e+00
   3.1250649e+00
   1.0963251e+00
   2.1388346e+00
   2.4332474e+00
   4.7744252e+00
   5.6818194e-01
   1.3896263e+00
   1.1878570e+00
   1.3642217e+00
   8.7028542e-02
   4.5643539e-01
   2.9232673e+00
   1.1228950e+00
   3.4320975e+00
   8.8006077e-01
   6.3308542e-01
   5.0740752e+00
   1.5886043e+00
   2.7368330e+00
   4.0618336e+00
   1.6121635e+00
   4.4731023e+00
   1.5044872e+00
   3.0915895e+00
   2.5604205e+00
   1.9142738e+00
   1.7048984e+00
   8.6617234e-01
   7.9837250e-01
   1.6032832e+00
   1.9413898e+00
   2.3582067e+00
   4.6948117e-02
   2.2511092e-02
   2.9448431e+00
   1.3271596e+00
   4.7389278e-01
   1.6071926e+00
   1.0789963e+00
   1.8957239e+00
   2.8147987e-02
   4.3516176e+00
   1.2613862e+00
   1.7120117e+00
   2.7714492e+00
   2.2060557e+00
   3.3399099e+00
   1.9661224e+00
   2.1758087e+00
   2.1192043e+00
   7.1937531e-01
   1.2191302e+00
   1.2722946e+00
   3.1782165e-01
   3.2758640e+00
   7.1386856e-01
   2.0981643e+00
   2.1539122e+00
   9.9615649e-01
   1.2680898e+00
   2.8166038e+00
   4.2876282e-01
   1.8587442e+00
   2.8134593e+00
   2.3236453e+00
   1.3939706e+00
   1.6527063e+00
   1.3699849e+00
   2.4246419e+00
   1.2076116e+00
   9.9811573e-01
   1.7918951e+00
   4.4459408e+00
   2.2852542e-01
   1.3437314e+00
   1.9381257e+00
   3.7100641e+00
   2.0429782e+00
   2.6332530e+00
   2.7905589e+00
   6.8525213e-01
   1.8818141e+00
   3.8255707e+00
   1.9668549e+00
   3.2370433e-01
   2.9992446e+00
   2.0584492e+00
   2.2256078e+00
   2.1763864e+00
   2.7867226e+00
   2.5771674e-01
   3.6629267e+00
   3.0505167e+00
   3.0401395e+00
   2.3796238e+00
   3.3364650e-01
   3.1422122e+00
   1.3173131e+00
   9.7994429e-02
   2.4305688e+00
   1.9010739e-02
   1.1683170e-01
   1.8174026e+00
   2.6071387e+00
   1.2736537e+00
   2.7099392e+00
   9.9724694e-01
   4.8876151e-01
   7.1029316e-01
   4.9235497e-01
   1.5265724e+00
   2.2708488e+00
   3.3067697e-01
   5.3523171e+00
   2.8056659e-01
   8.5180263e-01
   2.0565786e-01
   8.8383574e-01
   1.4078256e-01
   1.3929830e+00
   1.2842330e+00
   3.6808547e+00
   3.8535932e+00
   3.4270699e+00
   1.1410571e+00
   1.8376033e+00
   3.3668687e+00
   7.7426483e-02
   7.8131980e-01
   3.9338356e-01
   1.0386181e+00
   6.6045323e-01
   9.8460889e-01
   2.8522491e+00
   1.3718576e+00
   1.3395098e+00
   4.4595379e-01
   1.5077531e+00
   8.4327424e-01
   2.2103394e+00
   4.3304240e+00
   2.4188323e+00
   3.6371473e+00
   1.2768926e-01
   8.6951176e-01
   2.2759097e+00
   2.1891958e+00
   5.8899763e-01
   1.1857797e+00
   1.5543360e+00
   7.5711495e-01
   3.1171111e+00
   3.6069125e+00
   1.8770376e-01
   2.6298784e+00
   1.8565054e+00
   2.4672074e+00
   8.8421670e-01
   7.1352971e+00
   5.6985478e-01
   2.2036534e-01
   2.5183832e+00
   3.3019310e-01
   1.0294527e+00
   1.9400611e+00
   6.6054704e-01
   2.0214924e+00
   1.8160092e+00
   1.9962094e+00
   1.5299538e+00
   1.3601570e+00
   2.0246165e+00
   2.7752416e+00
   2.1354316e+00
   9.9877709e-01
   1.4406690e+00
   2.4957299e+00
   9.6948748e-01
   1.4718375e+00
   3.7489547e+00
   1.6605394e+00
   3.5398335e+00
   1.0564450e+00
   1.1803704e+00
   2.6477796e-01
   2.6390626e+00
   9.2747546e-01
   1.5749154e+00
   1.2287091e+00
   5.0181213e-01
   2.0647122e+00
   2.0956759e+00
   2.5370776e+00
   3.1397783e+00
   2.3240371e+00
   3.0389959e+00
   2.0304193e+00
   5.2964229e-02
   2.0693571e-01
   2.4133653e-01
   4.7627130e+00
   1.9701178e+00
   1.8526288e+00
   2.2296238e+00
   8.7420648e-01
   2.3259493e+00
   3.2444749e+00
   1.9053295e+00
   7.2524349e-01
   4.7373042e+00
   1.2420545e+00
   3.5434041e+00
   2.1395661e+00
   2.6238745e+00
   2.2321408e+00
   5.0648013e+00
   1.1344904e+00
   1.1213675e-01
   9.9094795e-01
   2.9901674e+00
   1.8819867e+00
   3.3805548e+00
   7.9675899e-02
   3.9270864e-02
   1.2567194e-01
   3.1903480e+00
   1.6373812e+00
   1.3336535e+00
   1.2251749e+00
   1.2120983e+00
   3.9496126e-01
   6.0621659e-01
   1.2213691e+00
   3.2678457e+00
   3.6934923e+00
   1.1690869e+00
   2.4023799e+00
   1.4698641e+00
   3.4854198e-01
   2.7657191e+00
   8.1249841e-01
   2.1931408e+00
   1.5097922e+00
   3.1905831e+00
   3.4001977e+00
   3.3996080e+00
   3.0713146e+00
   3.0734703e+00
   3.0556849e+00
   3.4972982e+00
   1.5965226e+00
   4.5132217e-01
   8.7076277e-01
   4.5881881e-01
   1.5940765e-01
   1.5098322e+00
   1.8828126e-01
   3.3552663e+00
   1.3485244e+00
   2.2918152e+00
   4.5494820e-01
   2.6225889e+00
   2.6329951e+00
   1.5476345e+00
   7.4879690e-01
   7.7196234e-01
   3.2601868e+00
   3.2524794e+00
   2.3890622e+00
   8.1616697e-03
   1.7988579e+00
   8.4524352e-01
   2.5930079e+00
   1.8557120e+00
   3.8404828e+00
   1.0144306e+00
   9.9740578e-02
   2.2207687e+00
   1.4114801e+00
   2.6968031e+00
   2.7093714e+00
   1.4630764e+00
   1.1768695e+00
   2.6998367e+00
   3.4481457e+00
   3.7568114e+00
   7.4413825e-01
   2.9364660e-01
   2.8318311e+00
   1.7400553e+00
   3.5223552e-01
   5.2648292e-01
   5.8866521e+00
   4.0756621e+00
   1.7385027e+00
   1.4258479e+00
   9.4839603e-01
   3.5479218e+00
   5.0604096e-01
   3.8394486e+00
   1.0899921e+00
   1.6423216e-01
   1.4359215e+00
   7.5901497e-01
   2.7371393e+00
   5.9458543e-01
   1.9410101e+00
   3.3907245e+00
   1.9554844e+00
   2.4926223e+00
   2.5982391e+00
   7.2846625e-01
   1.2632484e+00
   1.7898779e+00
   2.7165148e+00
   1.1969356e+00
   1.2290618e+00
   2.3915345e+00
   7.7160133e-01
   3.6272187e-01
   3.2269772e+00
   2.2145851e+00
   1.9217088e+00
   3.0144666e+00
   5.1917795e-01
   3.3195114e+00
   3.0365615e+00
   2.0557002e+00
   1.0614352e+00
   9.5230558e-01
   9.3391025e-01
   2.3574785e+00
   9.9369032e-01
   4.5970406e+00
   6.4108097e-01
   8.0885771e-01
   1.4746265e+00
   2.4656868e+00
   2.5157374e+00
   1.4693367e+00
   2.6679665e+00
   3.8812343e+00
   2.9768266e+00
   2.5140360e+00
   2.8200642e+00
   8.2634183e-01
   7.8831180e-01
   6.5340796e-01
   5.7130562e-01
   1.9158573e-01
   1.2076658e+00
   3.7672890e-01
   2.7890230e+00
   6.5149366e+00
   3.4658100e+00
   5.6458563e-01
   2.7299369e+00
   2.5854370e+00
   2.1304060e+00
   2.8203173e+00
   1.3433059e+00
   3.0759729e+00
   1.8763819e+00
   9.4319846e-01
   8.2161287e-01
   1.4576508e-01
   1.8442560e+00
   1.1987204e+00
   2.2341358e+00
   1.2464769e-01
   2.3836797e+00
   5.1978249e-01
   3.1322992e+00
   1.3545631e+00
   7.9826486e-01
   2.2143895e-01
   1.9285350e+00
   4.4350855e-02
   1.6102748e+00
   3.8012606e+00
   3.1603501e+00
   1.2563833e+00
   1.7502121e+00
   1.7988296e+00
   3.4006460e+00
   1.1996231e-01
   4.7210977e+00
   2.6369322e+00
   3.4460176e+00
   1.9227890e+00
   1.3755910e+00
   1.0193710e+00
   4.3657705e+00
   1.4118659e+00
   1.8472879e+00
   6.9995646e+00
   2.5016470e+00
   4.7380247e-01
   3.6325189e+00
   4.3703216e-01
   2.3194501e+00
   1.2219577e+00
   5.1891488e+00
   1.5550627e+00
   1.8310392e+00
   2.3098931e+00
   3.0697377e+00
   1.5669478e+00
   2.3739219e+00
   3.5368309e+00
   9.5554492e-01
   3.0703279e+00
   3.6348021e+00
   9.6426050e-01
   2.3769238e+00
   2.0275399e+00
   7.2631892e-02
   1.1937969e+00
   2.0923000e+00
   3.5148979e+00
   3.1783896e+00
   2.7772969e+00
   2.6634661e-01
   7.7081015e-01
   2.1996303e+00
   8.4396235e-01
   2.3281892e-01
   6.8704586e-02
   1.9203832e+00
   2.5479081e+00
   4.0313942e+00
   1.5121097e+00
   5.9811218e-01
   2.4152087e+00
   1.2885899e+00
   2.5765864e+00
   2.3273020e+00
   5.6546360e-01
   1.6772499e+00
   1.2303580e+00
   2.7571122e+00
   1.8555856e+00
   1.6198848e+00
   2.5233706e+00
   3.7603144e+00
   7.5011130e-01
   2.9989695e+00
   8.1503508e-01
   5.3357655e-01
   1.1437581e+00
   2.5487627e+00
   3.9852927e+00
   2.6376349e+00
   2.0312703e+00
   6.6716355e-01
   5.2568545e+00
   2.7714567e+00
   1.7450972e-01
   1.5950099e+00
   1.5115964e+00
   3.0360425e+00
   6.5646479e-01
   1.4910394e+00
   3.3026306e+00
   1.4333247e+00
   6.5697010e-01
   3.4380840e+00
   1.9833134e+00
   4.0562216e+00
   3.9906667e+00
   5.5914960e+00
   3.3988670e-01
   1.9592856e+00
   1.3556758e+00
   2.2682513e-01
   3.8780883e+00
   6.4580812e-02
   2.3836010e-01
   1.5753103e+00
   9.5493236e-01
   2.1331780e+00
   2.9690170e+00
   1.8551242e+00
   2.2184257e+00
   2.6745151e+00
   2.0317614e+00
   2.2006522e+00
   3.5453591e+00
   1.3144409e+00
   8.8813615e-01
   1.9101924e+00
   8.1571044e-02
   1.9301265e+00
   2.3249038e+00
   3.0326249e-01
   1.5038643e+00
   2.3270000e+00
   3.5646096e+00
   1.4612986e+00
   3.2233571e+00
   2.5410214e+00
   1.5577540e+00
   2.8287378e+00
   3.2686009e+00
   1.1579309e+00
   2.2470113e+00
   1.9345427e+00
   4.7076770e-01
   9.5983858e-01
   3.7871966e-01
   1.7727170e+00
   6.1120393e-01
   2.7355735e+00
   7.6089841e-01
   4.1125150e-01
   8.5238263e-01
   2.0997344e+00
   2.0160727e+00
   2.9642010e+00
   5.0616493e-01
   1.4127836e+00
   2.0612731e+00
   3.2428117e-01
   2.6205060e+00
   1.0262256e+00
   7.1328711e-01
   1.0429404e+00
   1.9893372e+00
   1.9290456e+00
   1.2333740e+00
   1.5514057e+00
   1.0178190e+00
   2.7918282e-01
   3.4777526e+00
   1.1444767e+00
   6.4876097e-01
   1.0159906e+00
   2.3880936e+00
   1.2657760e+00
   2.9734510e+00
   2.9239785e+00
   2.5872589e+00
   1.3208990e-01
   2.8135799e+00
   4.9061781e+00
   1.8095436e-01
   2.9420737e+00
   1.1936117e+00
   2.0023520e+00
   3.5111620e+00
   1.0175457e+00
   1.0583289e+00
   2.9352633e+00
   1.3094082e+00
   1.1333499e+00
   2.9993599e+00
   1.4068041e+00
   1.2017263e+00
   2.8153114e+00
   7.2705415e-01
   4.1952516e+00
   2.2275426e+00
   1.2124734e+00
   2.1903611e+00
   8.4589333e-01
   2.0274814e+00
   3.1809565e+00
   2.0910769e+00
   6.2512429e-01
   5.1458878e-01
   4.1035910e-01
   7.5528099e-02
   9.9477364e-01
   1.2945913e+00
   3.0774418e+00
   1.9409085e+00
   7.5993902e-01
   2.9648572e+00
   2.1754774e+00
   3.7432306e+00
   6.1066115e-01
   2.6940799e+00
   1.2264679e+01
   3.7215525e+00
   1.7327538e+00
   1.8312514e+00
   1.8500248e+00
   3.3325917e+00
   1.7382339e+00
   7.8209393e-01
   5.5173483e+00
   2.7057336e+00
   2.0637784e+00
   2.4762830e+00
   2.3556821e+00
   2.8710298e+00
   4.2598035e+00
   1.6203002e+00
   2.5865877e+00
   1.3335883e+00
   1.2346660e+00
   2.0977282e+00
   4.1774567e+00
   9.3798946e-01
   3.2844802e+00
   2.3741050e+00
   8.9359883e-01
   1.5523631e+00
   1.7374621e+00
   8.1757357e-01
   3.6557316e+00
   2.3322605e+00
   6.1605072e-01
   3.3850452e+00
   2.4588531e-01
   1.8708350e+00
   3.5345708e+00
   2.7335267e+00
   2.5611738e+00
   2.6714430e+00
   2.2688183e-01
   1.5097429e-01
   1.1394623e+00
   1.1074084e+00
   6.8405978e-01
   5.1796544e+00
   6.6232122e-01
   8.5553610e-01
   1.9979371e+00
   1.0162873e+00
   2.1501976e+00
   3.3175547e+00
   1.6650268e+00
   8.4949743e-01
   1.0566328e-01
   3.8816034e-01
   2.7423938e+00
   3.5615249e+00
   2.4366816e+00
   1.3168590e+00
   1.0767965e+00
   1.5479765e+00
   1.7102054e+00
   3.1504412e-01
   5.4444582e-01
   5.2104189e-01
   3.0238230e+00
   1.7004752e+00
   1.3519230e+00
   1.9655575e+00
   1.4724136e+00
   2.1177393e+00
   3.4230152e-01
   1.9257417e+00
   1.6752570e-01
   1.4697044e+00
   4.0686450e-02
   2.6605033e+00
   1.2916146e+00
   1.8814538e+00
   2.7144639e+00
   1.3970729e+00
   3.5526692e+00
   1.5442731e+00
   4.2783847e+00
   6.3021632e-01
   2.9211602e+00
   2.9987040e+00
   2.9079874e+00
   3.0509601e-01
   2.7372118e+00
   2.3244901e+00
   2.6710454e-01
   1.3712838e+00
   2.0034020e+00
   3.7803538e+00
   1.6799387e+00
   1.0087472e+00
   1.0468140e+00
   7.8951379e-01
   3.2373987e+00
   2.3150159e+00
   5.0894563e+00
   3.0883871e+00
   2.5007511e-01
   1.2832664e-01
   3.1563242e+00
   2.0858036e+00
   3.0805812e+00
   1.3929905e+00
   6.3389242e-01
   6.7060758e-01
   3.2524420e-01
   6.3100918e-01
   3.9641693e-02
   1.2137822e+00
   7.0513853e-01
   2.9135476e+00
   1.0031452e+00
   3.0091606e+00
   1.9373481e+00
   3.5976856e+00
   2.1357517e+00
   9.6397631e-01
   1.4971613e+00
   6.0116257e-01
   1.2237196e+00
   2.6681238e+00
   1.8202780e-01
   3.0967596e+00
   5.1865400e-01
   6.6406129e-01
   2.6580620e+00
   2.9045627e+00
   2.9932259e+00
   3.0909215e+00
   2.7945319e+00
   3.2312824e+00
   4.4155572e+00
   3.3328323e+00
   4.2064139e+00
   4.0004239e+00
   2.3268896e+00
   1.2524788e+00
   1.2466994e+00
   1.7622395e+00
   2.8676749e+00
   5.0253573e-01
   2.7668156e+00
   4.2990117e+00
   3.3605215e+00
   2.9228728e+00
   9.1010494e-02
   3.8712743e+00
   3.6510137e+00
   1.4300200e+00
   1.0875271e+00
   7.8966738e+00
   4.8756174e+00
   1.1635076e+00
   1.2335516e+00
   1.9969960e+00
   1.0324060e+00
   1.4799880e+00
   8.8135986e-02
   3.2944875e+00
   1.3324912e+00
   2.9791465e+00
   8.6865889e-01
   2.4099982e+00
   2.9754552e+00
   1.5542612e+00
   1.9076100e+00
   1.9320984e+00
   2.4511984e+00
   1.3218949e+00
   5.1993280e-02
   1.6275401e+00
   1.8095327e-01
   2.8617186e+00
   2.9494250e+00
   2.5818660e+00
   6.2291720e-01
   6.3349907e-01
   1.1307483e+00
   1.8601123e+00
   3.3080332e+00
   3.5727390e+00
   2.0342529e+00
   8.4440897e-01
   2.7328532e+00
   4.6618864e-01
   5.3974237e-01
   4.1982589e+00
   4.1844275e-01
   2.2810455e+00
   1.4145078e+00
   9.0097535e-01
   3.2035450e+00
   1.9639381e-01
   2.3550541e+00
   8.8638183e-01
   2.5093963e+00
   2.7410374e+00
   1.2663212e+00
   1.8636382e+00
   1.4785042e+00
   6.6649126e+00
   8.3313435e-01
   2.8799567e+00
   1.4236174e+00
   1.6743239e+00
   3.0366736e-01
   7.1729272e-02
   1.6509882e+00
   3.8318283e+00
   3.5111248e+00
   5.3080169e-01
   5.3425666e-01
   4.0961393e+00
   1.0887598e+00
   1.0897561e-01
   3.3431356e+00
   2.7223820e+00
   6.5745958e-01
   3.1575832e+00
   1.5258613e+00
   2.3038887e+00
   4.5038994e+00
   1.9571127e+00
   2.9849283e+00
   1.1757111e+00
   3.4056385e+00
   3.9970846e+00
   2.5426292e+00
   4.0293989e+00
   2.0321250e+00
   6.0331915e-01
   3.6816024e+00
   2.7675218e+00
   3.9926032e+00
   1.5253557e+00
   3.0879951e+00
   6.0594718e+00
   1.7253675e+00
   3.2473148e+00
   7.6838227e-02
   9.6249949e-01
   1.1755316e+00
   2.1010639e-01
   4.8327126e+00
   3.8937226e-01
   2.3819842e+00
   4.6638196e+00
   7.9817495e-01
   2.5872985e-01
   7.9525062e+00
   2.6663939e+00
   2.2132392e+00
   6.1652943e-01
   3.3791481e+00
   2.4670317e+00
   2.2969906e-01
   6.0301258e-01
   3.3868231e+00
   1.5234426e+00
   2.7100183e+00
   2.2843603e+00
   2.2204001e+00
   1.1838674e+00
   2.5072331e+00
   1.4678916e+00
   2.8716890e+00
   1.9159643e-01
   4.1061112e+00
   6.1449810e-01
   1.0372957e+00
   1.9605782e+00
   2.7434815e+00
   4.7644869e-01
   3.1159930e+00
   1.4299377e+00
   4.5011513e+00
   2.8806573e+00
   1.4489205e+00
   9.4885218e-01
   3.1427835e+00
   1.8168114e-02
   3.0755795e-01
   4.0638426e+00
   1.4313236e+00
   4.0172095e+00
   3.3289292e+00
   6.5147422e-02
   6.3712159e-01
   8.9018115e-01
   1.3836807e+00
   1.0321054e+00
   1.7279784e+00
   3.6072022e+00
   2.3599950e+00
   1.0664359e+00
   6.6787804e-01
   2.4790778e+00
   4.4515933e+00
   3.4660245e+00
   4.9622487e-01
   8.4264977e-01
   1.5039727e+00
   2.0537203e+00
   1.4955105e+00
   4.3785157e-01
   3.4221835e+00
   3.5011206e+00
   5.2850417e-01
   9.0885806e-01
   2.0580001e+00
   3.4095438e+00
   2.3471873e+00
   3.8473826e+00
   1.3566412e+00
   2.6744548e-01
   2.3960712e+00
   2.6779822e+00
   2.1693712e+00
   1.6020854e+00
   2.0630303e-02
   1.3282192e+00
   1.9323540e+00
   1.9265670e+00
   3.6816903e+00
   6.9750981e-01
   3.1992311e+00
   7.5500780e-01
   1.9300142e+00
   6.0373857e+00
   2.3778134e+00
   2.0491984e-01
   1.2012760e+00
   2.8450962e+00
   3.1839950e-01
   3.8600723e+00
   2.8925042e+00
   3.9160024e+00
   1.5746666e+00
   9.6695555e-01
   3.2899951e+00
   1.8030130e+00
   3.2760921e+00
   1.0096105e+00
   3.0281808e+00
   2.5240665e+00
   5.7974149e+00
   2.0835434e+00
   2.7643460e+00
   4.7065008e-01
   4.1391921e+00
   7.2975882e-01
   3.7234999e+00
   1.9739819e+00
   2.9938013e+00
   2.6481493e+00
   3.8405131e+00
   1.8573754e+00
   4.8692621e-01
   1.9762705e+00
   8.7911408e-01
   1.4843492e-01
   7.3457757e-01
   1.8787634e+00
   2.0397518e+00
   3.5029513e+00
   2.1211880e+00
   1.1323245e+00
   1.5674274e+00
   5.9582671e-01
   1.3101941e+00
   6.9182008e-01
   3.4388203e+00
   1.5523390e+00
   9.1409337e-01
   2.8776200e+00
   7.9463796e-01
   3.8434589e+00
   9.9022271e-01
   9.9673868e-01
   1.3782720e+00
   1.6692529e+00
   3.0942142e+00
   4.1612744e+00
   1.7117027e-01
   5.1312761e-01
   2.3459543e+00
   3.3099921e+00
   1.9666698e+00
   8.4427995e-01
   9.9006659e-01
   4.7434331e-01
   3.4435907e+00
   2.8239801e+00
   3.3272138e+00
   5.7872259e-01
   1.4703290e+00
   3.6949646e+00
   1.7860812e+00
   1.3904982e+00
   2.9216181e-01
   3.7548349e+00
   2.4945750e+00
   5.6184385e-01
   3.1892595e+00
   6.3709568e-01
   1.9211195e+00
   2.4506961e-01
   5.5058871e-01
   1.9370946e+00
   2.3154780e+00
   2.1283123e+00
   2.1997189e+00
   1.5877798e+00
   1.6529067e+00
   1.5976549e+00
   2.8918497e+00
   2.7097266e+00
   1.5336009e+00
   4.3216060e+00
   2.1207808e+00
   2.4780997e-01
   2.1159684e+00
   7.5212069e-01
   1.6031763e+00
   4.5902407e+00
   8.6315676e-01
   8.4935422e-01
   5.7187802e-01
   2.1163532e+00
   1.4097006e+00
   2.3531189e-01
   1.6185904e+00
   3.8096394e+00
   3.4300055e+00
   5.6966179e-01
   2.3157623e-01
   5.5027494e+00
   3.2424461e+00
   2.0157224e+00
   4.0458335e-01
   1.9635890e+00
   1.2616536e+00
   2.3534176e+00
   3.1900747e+00
   4.2749125e-01
   2.7953854e+00
   1.3306516e+00
   1.2716495e-01
   1.7612576e+00
   5.6124824e+00
   3.0917792e+00
   2.4397728e+00
   1.3856991e+00
   8.5111760e-01
   2.2163644e+00
   2.3898510e+00
   1.6866844e+00
   1.8942422e+00
   2.3401095e+00
   1.3509060e+00
   7.0149832e-01
   1.1283468e-01
   4.2394147e+00
   9.9446909e-01
   3.9055013e+00
   1.7465469e+00
   1.5331329e+00
   4.2643797e+00
   3.7087005e+00
   2.3131770e+00
   1.2066744e+00
   2.0050045e+00
   2.0181763e+00
   3.0803842e+00
   3.0909125e+00
   2.0789445e+00
   2.1476637e+00
   4.0280700e-01
   1.4416064e+00
   1.5471638e+00
   3.2041900e+00
   1.5960173e+00
   4.1531105e-01
   9.1390745e-01
   5.2868993e-01
   5.0072216e+00
   4.6153463e+00
   2.5545277e+00
   7.1895819e-01
   4.7599354e-02
   1.3858957e+00
   1.0867214e+00
   2.8573964e+00
   3.2501787e+00
   5.0120982e+00
   3.0710139e+00
   1.2065832e+00
   1.3245157e+00
   1.9198576e+00
   2.2658320e+00
   4.9405842e+00
   7.0013371e-01
   6.3785101e-01
   1.6253347e+00
   2.5843865e+00
   5.8237445e-01
   7.9115756e-01
   1.1159729e+00
   1.5354405e+00
   3.9760102e+00
   9.8383166e-01
   3.5873826e+00
   2.6165507e+00
   7.2403672e-01
   1.8243291e+00
   1.5399316e+00
   3.1037444e+00
   3.6691615e+00
   2.4163534e-01
   9.9659952e-01
   2.1351774e+00
   1.3992881e+00
   2.9951647e+00
   2.1939713e+00
   2.3323567e+00
   1.0823304e+00
   3.6859896e+00
   3.6720592e+00
   2.9907656e+00
   2.9621157e+00
   6.5814219e-01
   1.7524201e-01
   3.9495103e+00
   8.9715444e+00
   5.4325905e+00
   3.0880557e+00
   3.3727178e+00
   1.2253328e+00
   3.6260175e+00
   2.2601019e+00
   1.7409576e+00
   9.0949007e-01
   5.0611860e+00
   6.2720299e-01
   5.8041790e-01
   2.5792288e+00
   3.7178438e+00
   2.4912309e+00
   3.3979226e+00
   1.4562388e+00
   1.7635674e+00
   1.9380197e+00
   1.6019687e+00
   1.7557620e+00
   2.3919680e+00
   3.8861197e+00
   2.7094863e+00
   2.6087069e+00
   4.1449698e+00
   2.3163629e-01
   4.6929831e+00
   7.9695094e-01
   1.8138244e+00
   2.5604480e+00
   5.5337221e-01
   2.2206124e+00
   3.3910191e+00
   1.1994515e+00
   3.0016878e+00
   1.5496190e+00
   4.6669345e-01
   1.0612401e+00
   2.1994861e-01
   6.1773484e-01
   6.7011639e-01
   1.7544068e-01
   3.2351055e-01
   2.2174857e+00
   1.2193166e+00
   1.3967084e+00
   3.8151748e+00
   1.3749618e+00
   1.6986632e+00
   1.9039974e+00
   6.8633581e-01
   4.9158252e+00
   9.3921292e-01
   9.7674251e-01
   1.5279675e+00
   1.1500868e+00
   2.9217417e+00
   6.6124079e-01
   3.5707484e+00
   1.2073296e+00
   1.4760711e+00
   4.9039359e-01
   3.4728124e+00
   1.5090673e+00
   4.9145550e+00
   1.3200780e+00
   3.9019383e-01
   1.0432258e+00
   1.4816433e+00
   2.2195134e+00
   8.4929056e-01
   2.0774877e+00
   3.6388263e-01
   2.9388453e+00
   3.4245984e+00
   1.3225571e+00
   3.3450915e+00
   1.1498835e+00
   3.2270064e-01
   3.1040672e+00
   3.4590148e-01
   1.8557835e+00
   1.7953878e+00
   2.2824758e+00
   3.7479490e+00
   2.7079273e+00
   3.5515151e+00
   3.0631774e+00
   4.4037556e+00
   3.3136724e+00
   4.5145720e+00
   2.7245377e+00
   4.5462181e+00
   6.1383968e-01
   1.2929280e+00
   2.5772001e+00
   2.8422274e+00
   3.4871057e+00
   1.9974019e+00
   4.6858547e+00
   8.4304855e-01
   1.4797339e+00
   2.2774419e+00
   7.4651496e-02
   9.6180138e-01
   2.4946987e+00
   1.3066303e+00
   1.6327300e+00
   2.1233464e+00
   9.5940333e-01
   4.8617231e+00
   7.0798816e-01
   2.9097896e+00
   3.2575920e+00
   9.6746901e-01
   2.1821676e+00
   2.4669091e+00
   1.1242205e+00
   2.9139573e+00
   3.9001145e-01
   3.8029485e+00
   4.0702450e+00
   2.3792792e+00
   3.5972798e+00
   1.8359122e+00
   1.0474885e+00
   1.8713256e+00
   2.9769767e+00
   1.7094960e+00
   1.7759972e+00
   4.3760777e-02
   1.8213330e+00
   3.1135258e+00
   2.0537113e+00
   3.0993657e+00
   2.1011616e+00
   2.3616163e+00
   1.6009424e+00
   2.7565119e+00
   3.2065900e+00
   1.2753276e+00
   1.9261800e+00
   1.8396439e+00
   2.7269314e+00
   3.5857565e+00
   2.5381731e+00
   8.4210005e-01
   1.9555738e+00
   4.7626744e-01
   4.7675657e-01
   2.1591442e+00
   2.9693910e-01
   2.7889243e+00
   3.3825649e+00
   1.6558707e-01
   2.9900713e+00
   1.6515862e+00
   6.6987488e-01
   2.4586033e+00
   1.2310315e+00
   7.0793058e-01
   3.7493877e-01
   2.2956083e+00
   3.0717164e+00
   1.8248304e+00
   2.2570376e+00
   2.8863807e-01
   1.6655836e+00
   1.4225043e+00
   6.0607246e-01
   2.1919186e+00
   1.1260817e+00
   1.9033455e+00
   1.7696081e+00
   4.0529016e-01
   8.3885761e-01
   3.3453678e+00
   2.4139802e+00
   2.6124338e-01
   2.7254144e+00
   4.0701720e+00
   1.6808786e+00
   2.6410477e+00
   2.4963597e+00
   1.0220789e+00
   2.0384802e+00
   4.1860255e+00
   1.3748714e+00
   8.2384659e-01
   2.5114304e+00
   3.9132725e+00
   2.5726201e+00
   5.0245759e-01
   2.1781057e+00
   5.1012072e-01
   4.4963610e+00
   1.2139901e-01
   1.8925386e+00
   4.0784435e+00
   1.8234620e+00
   1.3395064e-01
   2.2532123e+00
   5.0177787e+00
   4.9551477e+00
   1.7605268e+00
   1.2919870e+00
   5.5906853e-01
   1.0996362e+00
   1.7636248e+00
   3.2307478e+00
   5.4015655e-01
   1.2684567e+00
   2.4361115e+00
   9.7124462e-01
   3.6558072e+00
   1.9495645e+00
   2.4669907e+00
   3.0712011e+00
   6.8156359e-01
   2.2388183e+00
   3.3993936e+00
   1.3834285e+00
   2.9909765e-02
   4.5038962e+00
   8.2824390e-01
   9.8634672e-01
   6.2132424e-01
   5.3802701e-01
   1.4703566e+00
   1.8686499e+00
   3.0752803e+00
   2.8484753e+00
   4.6559577e-01
   3.7514015e+00
   1.8985184e+00
   2.3157262e+00
   3.5026668e-03
   3.3871386e+00
   4.8030806e-01
   3.9126138e-01
   1.2155231e+00
   2.5388648e+00
   3.6540005e+00
   7.1182233e-01
   4.2249478e+00
   3.7381273e+00
   3.2146876e+00
   1.6145761e+00
   4.2949612e-01
   1.1654674e+00
   1.3845483e+00
   3.8791294e+00
   2.2506958e+00
   6.1872830e-01
   4.2392677e-01
   2.3667967e+00
   1.3873760e+00
   7.3297220e-01
   8.8498148e-01
   1.1950791e+00
   2.1713059e+00
   1.7970800e+00
   4.9354870e-01
   2.1140947e+00
   1.5576172e+00
   2.0002577e+00
   3.8303442e-01
   1.0324949e+00
   5.5753610e-01
   1.4203493e+00
   1.8585332e+00
   1.4863381e+00
   3.6943337e+00
   1.8001587e+00
   3.8838395e+00
   3.7352920e-01
   4.1884453e-02
   2.4467453e-01
   1.7045338e-01
   1.0076559e+00
   2.8245040e-01
   4.5219649e+00
   3.3365034e+00
   1.8695717e+00
   1.4157379e+00
   2.5157460e+00
   4.0285091e+00
   4.2075252e+00
   6.0934792e-02
   3.1007702e+00
   3.1011928e+00
   2.1436476e-01
   1.9393861e+00
   3.6057131e+00
   1.8010339e+00
   3.1309250e+00
   5.3963834e-01
   2.4656916e+00
   4.8529878e+00
   5.6809693e-01
   3.8974923e-01
   2.5375430e+00
   1.0065989e+00
   2.3440496e+00
   4.1856447e+00
   3.4682454e+00
   5.2984855e-01
   1.6860525e-01
   3.9727914e-01
   7.2270355e-01
   8.0660717e-01
   4.0561266e+00
   1.8259722e+00
   2.5569034e+00
   1.4698809e+00
   1.5096693e+00
   2.4070285e+00
   8.6281700e-01
   4.1968386e+00
   3.0577647e+00
   8.9984385e-01
   2.8361075e+00
   8.5407633e-01
   2.1378835e+00
   4.3725121e-01
   3.8387758e+00
   2.5346137e-03
   1.3794694e+00
   2.8295919e+00
   2.3638505e+00
   1.9598808e+00
   3.3199363e+00
   3.6615324e+00
   1.6998434e+00
   3.5373471e+00
   1.3132612e-01
   1.3435329e+00
   2.1842506e+00
   1.4595895e-01
   9.2349168e-01
   2.5370861e+00
   1.2052422e+00
   1.6873914e+00
   3.0430883e+00
   8.5539405e-01
   2.6574551e+00
   3.3617720e+00
   1.8252916e+00
   1.1230521e+00
   1.7239904e+00
   3.0744026e+00
   2.5673321e+00
   1.6299211e+00
   1.2135687e+00
   2.0611424e+00
   3.0758826e-01
   1.5225196e+00
   4.1606086e-03
   1.8215257e+00
   8.3480838e-01
   6.2186803e-01
   3.2285169e+00
   1.3955758e+00
   2.2664269e+00
   9.7496323e-01
   2.8391575e+00
   1.7259418e+00
   4.0840958e+00
   2.4452253e+00
   2.3371990e+00
   2.0442404e+00
   2.5065416e+00
   4.2818592e-01
   1.3198145e+00
   1.0601787e+00
   3.4900108e-01
   3.4752598e+00
   1.3878983e+00
   2.8184480e+00
   3.4432475e+00
   1.0387833e+00
   2.0020396e+00
   4.5491005e+00
   1.2594613e+00
   5.6624634e-01
   1.9201839e+00
   5.7257774e-01
   2.2153215e-01
   9.9044179e-01
   6.7617850e-01
   2.4188659e+00
   9.6744298e-01
   1.7264314e+00
   6.7791743e-01
   8.9486763e-01
   2.4572890e+00
   1.8476690e+00
   1.1034022e+00
   1.6464565e+00
   3.4909062e+00
   7.4162994e-02
   4.0918642e+00
   1.7128209e+00
   4.0243919e+00
   4.3054442e+00
   1.2661953e+00
   2.0066582e+00
   1.9289606e+00
   1.5654203e+00
   2.5307334e+00
   1.9952461e+00
   1.7305195e+00
   1.8582600e+00
   7.1635898e-01
   1.0334562e+00
   1.7296915e+00
   2.7351389e+00
   4.9156929e+00
   1.5057539e+00
   2.6289033e+00
   2.5805418e+00
   6.2298928e-01
   2.2942969e+00
   8.0881263e-01
   1.5535048e+00
   2.8947587e+00
   1.8940363e+00
   5.6250525e-01
   3.0465397e+00
   7.1551741e-01
   2.5431791e-01
   3.5267692e+00
   1.2216893e+00
   1.6309214e+00
   2.4887264e+00
   2.6305824e+00
   9.6536594e-01
   1.3987623e+00
   3.0744884e+00
   2.6507102e+00
   5.1965544e-01
   1.0579654e+00
   2.3541177e+00
   7.3203360e-01
   1.3681016e-01
   2.4068082e+00
   1.7943675e+00
   2.0262198e+00
   3.7943933e-01
   3.1773966e+00
   1.8630937e+00
   2.3644962e+00
   1.3790961e+00
   3.9891192e-01
   3.9923208e-01
   3.0896978e+00
   2.7033654e-01
   3.2185370e+00
   2.9132056e+00
   1.5963414e+00
   1.3028186e+00
   3.8408249e-01
   4.3777194e+00
   3.2415610e+00
   1.3576786e-01
   8.2424709e-01
   3.7977719e-01
   2.8575875e+00
   1.7179776e+00
   4.4543914e+00
   2.1972850e+00
   3.1823322e+00
   1.6150334e+00
   1.0086398e+00
   4.7521888e-01
   1.7595924e+00
   1.2148197e+00
   2.3542977e+00
   1.8092346e+00
   1.1520856e+00
   1.8458821e+00
   3.8447354e+00
   6.3340019e-01
   2.1525888e+00
   2.6612003e+00
   7.7450364e-01
   2.0908242e+00
   2.9982565e+00
   4.1637385e+00
   3.2472237e+00
   3.7836728e-01
   1.2231843e+00
   2.7041721e+00
   3.7899479e-01
   2.1671245e+00
   2.5225735e+00
   1.5837576e+00
   2.2243053e+00
   2.3152669e+00
   3.6321681e+00
   2.5925583e-01
   3.5341856e+00
   4.3756380e-02
   1.6274602e+00
   5.6075274e-01
   2.9753566e+00
   1.2203249e+00
   6.6513014e-01
   4.4645012e+00
   1.5205079e+00
   1.5949759e+00
   3.3180601e+00
   1.6526984e+00
   5.0980092e-01
   2.3402047e+00
   3.0622307e+00
   2.8604033e-01
   2.7732823e+00
   1.1007624e+00
   1.4860738e+00
   1.0846326e+00
   1.3649039e-01
   1.7363332e+00
   9.9085925e-01
   3.2067169e+00
   2.8669009e+00
   3.0669513e+00
   4.1508596e+00
   4.6312692e+00
   8.7768950e-01
   8.0750156e-01
   2.1996509e+00
   8.0355450e-03
   2.3101689e+00
   1.3985939e+00
   2.5154133e+00
   1.3415676e-02
   3.2994190e+00
   8.7041599e-02
   6.4517480e-01
   8.0766245e-02
   2.1422033e+00
   9.4395584e-01
   1.5273053e+00
   3.5155642e+00
   8.4235389e-01
   3.4144459e-01
   2.4710592e+00
   3.9058578e+00
   2.8961050e+00
   2.3158435e+00
   1.7994311e+00
   2.6220792e+00
   2.8352437e+00
   2.1053394e-01
   2.9137848e+00
   1.2662303e+00
   2.3336033e+00
   1.5567822e+00
   2.3431044e+00
   2.7262744e+00
   5.2833193e+00
   1.9479232e+00
   3.7998050e-01
   1.3030812e+00
   1.2675533e+00
   3.3964819e+00
   7.8064789e+00
   2.0411807e+00
   7.1507046e-01
   1.8821294e+00
   4.6917567e+00
   1.1497650e+00
   1.3320554e+00
   2.5711069e+00
   3.9191817e+00
   9.8951749e-01
   3.8853200e+00
   2.2390720e+00
   3.9739157e-01
   4.0791665e+00
   9.3235478e-01
   3.5010096e-01
   5.1607819e-02
   5.6234622e-01
   4.7824921e-01
   2.6951573e+00
   1.2019093e+00
   1.8586172e+00
   4.4143310e-01
   1.6621494e+00
   3.1938803e+00
   1.6684116e+00
   1.1376268e+00
   1.8739302e+00
   1.8593967e+00
   1.2867871e-01
   1.2661429e+00
   1.4236620e+00
   3.5043235e+00
   2.5511028e+00
   1.6290224e+00
   6.4056486e-01
   1.8230483e-01
   6.3389323e+00
   2.5155674e+00
   3.4765514e+00
   3.1772995e+00
   3.0135883e+00
   3.9617064e+00
   8.7462747e-01
   2.6034879e+00
   3.6599894e+00
   2.3153715e+00
   6.8287354e-01
   3.6031344e+00
   2.0619656e+00
   3.1993602e+00
   3.0403152e+00
   3.7370973e+00
   2.3483621e-01
   3.5218380e+00
   7.6365770e-01
   2.9513600e+00
   5.5982497e-01
   1.3833187e+00
   2.3888165e+00
   8.6256692e-01
   7.3219758e-01
   2.6777443e+00
   5.5410575e+00
   6.2613473e-01
   4.7059552e+00
   3.3712756e+00
   3.3686164e+00
   2.0035601e+00
   2.6065626e+00
   2.1005182e+00
   2.5571434e+00
   1.9113055e+00
   1.7535177e+00
   6.2799218e-01
   4.3444370e-01
   2.4582076e+00
   1.0160940e+00
   4.4079241e-02
   8.1398907e-01
   2.9047587e+00
   3.7052440e+00
   8.0017044e-01
   2.3682408e-01
   3.3347082e+00
   3.4490627e+00
   8.7005859e-01
   6.6962660e-01
   6.9336329e-01
   3.4983405e+00
   2.5147584e-02
   1.8960560e+00
   1.6069165e+00
   3.6564204e+00
   2.5982760e+00
   2.0788259e-02
   3.9808910e+00
   1.7372432e+00
   1.1757504e+00
   3.1881200e+00
   2.7623530e+00
   3.3023279e+00
   5.9120475e-01
   3.3571591e+00
   4.9630294e+00
   2.5634086e+00
   8.2263030e-01
   7.1501653e-01
   8.5700103e-01
   1.4304389e+00
   2.0410130e-01
   2.1179881e+00
   1.8431843e+00
   2.7347696e+00
   1.1406243e+00
   4.0888969e-01
   2.8385210e+00
   9.3643035e-02
   1.4956077e+00
   9.4972561e-01
   2.5038292e+00
   3.5352391e+00
   2.3243582e+00
   2.1608058e+00
   1.5198041e+00
   2.4607418e+00
   2.2249554e-01
   2.9954684e-01
   4.2913118e+00
   1.4967384e+00
   5.3254155e-01
   2.2024992e+00
   4.5038206e-01
   2.3330276e+00
   2.4582224e+00
   2.4009505e+00
